ssthresh	bytesInFlight	cWndAtTheEnd	TimeSpentInRecovery
7000		14000		7000		0.660448
2000		4000		2000		0.240791
2000		3000		2000		0.175057
13000		26000		13000		0.367200
6000		12000		6000		0.221893
2000		3000		2000		0.208864
2500		5000		2500		0.217296
2000		2000		2000		0.835648
2000		0		2000		0.059346
2000		2000		2000		0.506759
2000		0		2000		0.085398
2000		1000		2000		0.273496
2000		3000		2000		0.626720
2000		2000		2000		0.208864
2000		0		2000		0.080277
2000		0		2000		0.056526
2000		2000		2000		0.844144
2000		2000		2000		0.208864
2000		0		2000		0.083843
2000		1000		2000		0.208864
2000		2000		2000		0.541043
18500		37000		18500		0.262047
3500		7000		3500		0.276248
2000		0		2000		0.050633
2000		3000		2000		0.417792
2000		2000		2000		0.417792
2000		1000		2000		0.217296
2000		3000		2000		0.033664
2000		1000		2000		0.208864
2000		0		2000		0.100667
2000		0		2000		0.100667
2000		1000		2000		0.194363
2000		1000		2000		0.208864
2000		0		2000		0.092713
2000		3000		2000		0.643584
2000		0		2000		0.049839
2000		3000		2000		0.635152
2000		0		2000		0.018138
2000		3000		2000		0.312051
2000		1000		2000		0.178318
2000		1000		2000		0.260498
11500		23000		11500		0.593120
5000		10000		5000		0.251024
2000		2000		2000		0.206049
2000		2000		2000		0.158194
5500		11000		5500		0.407712
2000		3000		2000		0.208864
2000		3000		2000		0.305649
2000		0		2000		0.036927
2000		0		2000		0.031289
2000		0		2000		0.063289
2000		1000		2000		0.626720
2000		0		2000		0.095926
2000		0		2000		0.095926
2000		0		2000		0.105945
2000		1000		2000		0.208864
2000		0		2000		0.052362
2000		1000		2000		0.208864
2000		2000		2000		0.225792
2000		0		2000		0.096800
2000		0		2000		0.101986
2000		4000		2000		0.194490
2000		1000		2000		0.096813
2000		0		2000		0.090342
2000		1000		2000		0.190866
2000		2000		2000		0.208864
2000		3000		2000		0.208864
2000		4000		2000		0.417792
4500		9000		4500		0.409424
2000		1000		2000		0.208864
2000		3000		2000		0.278054
2000		0		2000		0.035138
2000		1000		2000		0.409360
2000		1000		2000		0.172893
2000		2000		2000		0.208864
2000		0		2000		0.060457
2000		0		2000		0.104726
2000		2000		2000		0.208864
2000		0		2000		0.059467
2000		2000		2000		0.111120
2000		2000		2000		0.208864
2000		0		2000		0.112435
2000		1000		2000		0.489596
2000		0		2000		0.072339
2000		2000		2000		0.208864
2000		0		2000		0.079332
2000		1000		2000		0.303349
2000		0		2000		0.083952
2000		2000		2000		0.417792
2000		2000		2000		0.208864
2000		1000		2000		0.208864
2000		4000		2000		0.217296
2000		0		2000		0.079775
2000		1000		2000		0.417792
2000		2000		2000		0.455010
2000		2000		2000		0.108836
4000		8000		4000		0.259520
2000		3000		2000		0.078242
6500		13000		6500		0.650722
2000		1000		2000		0.208864
2000		1000		2000		0.313664
2000		1000		2000		0.208864
2000		0		2000		0.203067
2000		2000		2000		0.208864
2000		0		2000		0.042302
2000		2000		2000		0.099443
2000		1000		2000		0.104306
2000		2000		2000		0.208864
2000		1000		2000		0.208864
2000		0		2000		0.208864
2000		3000		2000		0.217296
2000		0		2000		0.096486
2000		3000		2000		0.217296
2000		1000		2000		0.281553
2000		3000		2000		0.208864
2500		5000		2500		0.198575
6000		12000		6000		0.713589
2000		1000		2000		0.494689
2000		1000		2000		0.141948
2000		2000		2000		0.520932
2000		4000		2000		0.208864
2000		3000		2000		0.325703
2000		3000		2000		0.304806
2000		1000		2000		0.208864
2000		1000		2000		0.208864
2000		3000		2000		0.216864
2000		3000		2000		0.216800
2000		0		2000		0.073562
2000		0		2000		0.039062
2000		3000		2000		0.208864
2000		4000		2000		0.426288
5500		11000		5500		0.669053
2000		2000		2000		0.252138
2000		0		2000		0.187009
2000		2000		2000		0.217296
2000		1000		2000		0.203897
2000		4000		2000		0.208864
9500		19000		9500		0.527536
3500		7000		3500		0.417856
2000		3000		2000		0.425664
2000		3000		2000		0.737578
2000		2000		2000		0.208864
2000		1000		2000		0.135843
2000		2000		2000		0.108336
2000		1000		2000		0.940844
2000		0		2000		0.103482
2000		1000		2000		0.208864
2000		1000		2000		0.208864
3000		6000		3000		0.595601
2000		3000		2000		0.208864
2000		2000		2000		0.202180
2000		1000		2000		0.897752
2000		2000		2000		0.208864
2000		0		2000		0.096755
2000		0		2000		0.016135
2000		1000		2000		0.217296
2000		2000		2000		0.205063
7500		15000		7500		0.384064
3000		6000		3000		8.543940
2500		5000		2500		0.208864
2000		2000		2000		0.208864
2000		0		2000		0.049225
2000		2000		2000		0.208864
2000		1000		2000		0.417792
2000		1000		2000		0.208864
2000		2000		2000		0.208864
2000		2000		2000		0.208864
2000		2000		2000		0.215734
2000		0		2000		0.015238
2000		0		2000		0.074479
2000		1000		2000		0.496273
2000		1000		2000		0.744464
2000		3000		2000		0.205544
2000		0		2000		0.037464
2000		0		2000		0.096445
2000		0		2000		0.096445
2000		4000		2000		0.193227
2000		1000		2000		0.208864
2000		0		2000		0.083158
5500		11000		5500		0.225664
3000		6000		3000		0.151560
2000		3000		2000		0.574381
7500		15000		7500		0.225728
3000		6000		3000		0.626656
2000		2000		2000		0.208864
2000		0		2000		0.069444
2000		0		2000		0.098202
2000		1000		2000		0.169348
2000		0		2000		0.031835
2000		1000		2000		0.135229
2000		2000		2000		0.450722
2000		3000		2000		0.204023
2000		3000		2000		0.838404
2000		1000		2000		0.208864
2000		0		2000		0.100120
2000		2000		2000		0.208864
2000		2000		2000		0.653677
2000		0		2000		0.016949
2000		0		2000		0.033705
2000		0		2000		0.094310
2000		0		2000		0.082587
2000		2000		2000		0.208864
2000		1000		2000		0.208864
6500		13000		6500		0.443152
2000		3000		2000		0.835648
2000		3000		2000		0.208864
2000		0		2000		0.080963
2000		1000		2000		0.907416
2000		2000		2000		0.208864
2000		1000		2000		0.170766
2000		2000		2000		0.208864
2000		4000		2000		0.234160
4500		9000		4500		0.400992
2000		1000		2000		0.208864
3500		7000		3500		0.756735
2000		4000		2000		0.146418
4000		8000		4000		0.426288
2000		3000		2000		0.118135
2000		0		2000		0.045911
2000		0		2000		0.103292
2000		2000		2000		0.166834
2000		0		2000		0.022815
2000		2000		2000		0.208864
2000		2000		2000		0.208864
2000		0		2000		0.111731
2000		1000		2000		0.426961
2000		1000		2000		0.173233
2000		0		2000		0.105887
2000		3000		2000		0.336594
2000		2000		2000		0.451180
2000		0		2000		0.063429
2000		1000		2000		0.745007
2000		0		2000		0.070327
2000		2000		2000		0.195637
2000		0		2000		0.086993
2000		1000		2000		0.659550
2000		1000		2000		0.208864
2000		3000		2000		0.425664
2000		3000		2000		0.346119
2000		0		2000		0.073638
7000		14000		7000		0.618480
2000		3000		2000		0.426288
5000		10000		5000		0.465484
2000		2000		2000		0.208864
2000		3000		2000		0.171159
4000		8000		4000		0.365344
2000		2000		2000		0.208864
2000		0		2000		0.075061
2000		2000		2000		0.208864
2000		0		2000		0.044500
2000		1000		2000		0.070988
7000		14000		7000		0.451648
3000		6000		3000		0.468346
2000		0		2000		0.054499
2000		3000		2000		0.208864
2000		0		2000		0.086545
2000		2000		2000		0.208864
2000		1000		2000		0.139928
2000		2000		2000		0.440802
2000		0		2000		0.056817
2000		2000		2000		0.208864
2000		0		2000		0.097104
2000		3000		2000		0.417856
2000		2000		2000		0.208864
2000		3000		2000		0.208864
2000		1000		2000		0.164111
6500		13000		6500		0.417792
2500		5000		2500		0.208864
4500		9000		4500		0.267888
2000		2000		2000		0.208864
2000		0		2000		0.035238
2000		2000		2000		0.947641
2000		0		2000		0.095097
2000		0		2000		0.090924
2000		0		2000		0.085462
2000		1000		2000		0.208864
2000		3000		2000		0.208864
2000		1000		2000		0.208864
2000		1000		2000		0.208864
2000		2000		2000		0.811704
2000		2000		2000		0.168370
2000		2000		2000		0.429689
2000		3000		2000		0.208864
2000		1000		2000		0.208864
2000		1000		2000		0.141991
2000		1000		2000		0.208864
2000		2000		2000		0.648609
2000		0		2000		0.102147
2000		2000		2000		0.208864
2000		3000		2000		0.701419
2000		2000		2000		0.208864
2000		0		2000		0.112930
2000		1000		2000		0.417792
2000		0		2000		0.117953
9000		18000		9000		0.265822
2000		1000		2000		0.196910
2000		4000		2000		0.626720
2000		0		2000		0.217296
2000		2000		2000		0.208864
2000		3000		2000		0.208864
2000		2000		2000		0.227883
2000		2000		2000		0.208864
2000		0		2000		0.014301
3000		6000		3000		0.134486
2000		1000		2000		0.121976
10000		20000		10000		0.335408
4000		8000		4000		0.217296
7500		15000		7500		0.242528
2500		5000		2500		0.208864
2000		2000		2000		0.752534
2000		1000		2000		0.208864
2000		2000		2000		0.341635
2000		2000		2000		0.208864
2000		2000		2000		0.381862
2000		2000		2000		0.208864
2000		3000		2000		0.178007
8000		16000		8000		0.400928
3000		6000		3000		0.208864
2000		1000		2000		0.156652
6500		13000		6500		0.208864
2000		4000		2000		0.267353
5500		11000		5500		0.672279
2000		2000		2000		0.170099
6500		13000		6500		0.294995
2000		1000		2000		0.208864
2000		1000		2000		0.208864
2000		1000		2000		0.208864
2000		1000		2000		0.208864
2000		3000		2000		0.160236
2000		0		2000		0.058954
2000		0		2000		0.090566
2000		0		2000		0.010021
2500		5000		2500		0.897225
2000		2000		2000		0.411895
2000		0		2000		0.256922
2000		0		2000		0.036153
2000		1000		2000		0.504904
2000		3000		2000		0.225728
2000		0		2000		0.028658
2000		0		2000		0.108418
2000		4000		2000		0.217296
2000		2000		2000		0.835648
2000		1000		2000		0.200432
6000		12000		6000		0.835712
2000		2000		2000		0.426224
5500		11000		5500		0.662387
6500		13000		6500		0.626784
2500		5000		2500		0.234096
2000		3000		2000		0.651807
2000		0		2000		0.012925
2000		3000		2000		0.208864
2000		0		2000		0.090263
2000		2000		2000		0.483928
2000		0		2000		0.094179
2000		2000		2000		0.409424
2000		0		2000		0.026685
2000		1000		2000		0.173299
2000		3000		2000		0.409296
2000		0		2000		0.036042
2000		2000		2000		0.208864
2000		2000		2000		0.835648
2000		1000		2000		0.835648
2000		1000		2000		0.317848
2000		0		2000		0.088681
2000		0		2000		0.021166
2000		2000		2000		0.937584
2000		0		2000		0.069369
2000		1000		2000		0.174447
2000		1000		2000		0.865813
2000		1000		2000		0.480622
2000		2000		2000		0.955480
2000		0		2000		0.073835
4500		9000		4500		0.477458
2000		2000		2000		0.454319
2000		2000		2000		0.899207
2000		2000		2000		0.837391
2000		2000		2000		0.289437
2000		1000		2000		0.208864
2000		2000		2000		0.208864
2000		2000		2000		0.208864
2000		3000		2000		0.409296
2000		0		2000		0.045009
2000		2000		2000		0.208864
2000		3000		2000		0.207646
2000		3000		2000		0.188171
5000		10000		5000		0.225728
2000		3000		2000		0.208864
2000		2000		2000		0.208864
2000		3000		2000		0.208864
2000		3000		2000		0.155704
2000		2000		2000		0.274585
2000		1000		2000		0.208864
2000		0		2000		0.039240
2000		3000		2000		0.643520
2000		2000		2000		0.938753
2000		0		2000		0.208864
2000		0		2000		0.092372
2000		0		2000		0.027957
2000		1000		2000		0.483065
2000		0		2000		0.042150
2000		2000		2000		0.371535
2000		3000		2000		0.208864
2000		3000		2000		0.755446
2000		1000		2000		0.432344
2000		0		2000		0.092259
2000		3000		2000		0.770369
4500		9000		4500		0.426288
2000		3000		2000		0.217296
2000		2000		2000		0.208864
2000		2000		2000		0.208864
2500		5000		2500		0.434656
2000		0		2000		0.027697
5500		11000		5500		0.392496
2000		3000		2000		0.208864
2000		2000		2000		0.208864
2000		2000		2000		0.207817
2000		1000		2000		0.508312
2000		3000		2000		0.225792
2000		4000		2000		0.792757
2000		2000		2000		0.208864
2000		1000		2000		0.145015
2000		2000		2000		0.702615
2000		2000		2000		0.208864
2000		3000		2000		0.149480
2000		2000		2000		0.409424
2000		0		2000		0.091516
2000		1000		2000		0.203255
2000		3000		2000		0.208864
2000		4000		2000		0.208864
2000		1000		2000		0.208864
2000		0		2000		0.060897
2000		3000		2000		0.208864
2000		1000		2000		0.002724
2000		0		2000		0.029248
5500		11000		5500		0.652016
2000		2000		2000		0.234032
4500		9000		4500		0.409360
2000		4000		2000		0.033664
2000		3000		2000		0.208864
2000		4000		2000		0.289330
2000		1000		2000		0.208864
2000		2000		2000		0.208864
2000		1000		2000		0.476359
2000		3000		2000		0.193125
2000		1000		2000		0.022311
2000		2000		2000		0.208864
2000		1000		2000		0.208864
2000		1000		2000		0.104944
2000		3000		2000		0.186861
2000		2000		2000		0.409424
2000		3000		2000		0.320450
2000		0		2000		0.060796
2000		2000		2000		0.208864
2000		1000		2000		0.119172
2000		1000		2000		0.278375
2000		2000		2000		0.217296
2000		2000		2000		0.349538
2000		0		2000		0.053373
9500		19000		9500		0.325040
3500		7000		3500		0.417856
2000		1000		2000		0.208864
2000		1000		2000		0.151343
2000		0		2000		0.022459
2000		2000		2000		0.208864
2000		2000		2000		0.458067
2000		2000		2000		0.409424
2000		3000		2000		0.208864
2000		2000		2000		0.835648
2000		3000		2000		0.208864
2000		3000		2000		0.187431
2500		5000		2500		0.208028
2000		2000		2000		0.208864
2000		2000		2000		0.927620
2000		0		2000		0.074990
2000		1000		2000		0.011054
2000		0		2000		0.091864
2000		4000		2000		0.225728
2000		2000		2000		0.208864
7000		14000		7000		0.400928
2500		5000		2500		0.208864
2000		3000		2000		0.635152
2000		1000		2000		0.026583
2000		3000		2000		0.446048
2000		0		2000		0.074404
2000		1000		2000		0.909959
2000		1000		2000		0.208864
2000		0		2000		0.090267
2000		0		2000		0.090267
2000		4000		2000		0.409424
2000		3000		2000		0.879225
2000		1000		2000		0.208864
2500		5000		2500		0.554289
2000		2000		2000		0.208864
2000		4000		2000		0.208864
2000		0		2000		0.033484
2000		0		2000		0.099118
2000		0		2000		0.099118
2000		4000		2000		0.200368
3500		7000		3500		0.469026
2000		1000		2000		0.003050
2000		1000		2000		0.208864
2000		1000		2000		0.208864
2000		2000		2000		0.208864
2000		0		2000		0.075218
2000		3000		2000		0.208864
2000		4000		2000		0.208864
2000		1000		2000		0.161260
2000		1000		2000		0.208864
2000		0		2000		0.099756
2000		4000		2000		0.208864
2000		0		2000		0.095195
2000		2000		2000		0.208864
2000		1000		2000		0.129081
2000		0		2000		0.208864
2000		0		2000		0.096066
2000		1000		2000		0.182137
2000		0		2000		0.068236
2000		1000		2000		0.115392
2000		1000		2000		0.217296
2000		0		2000		0.171611
2000		1000		2000		0.208864
2000		3000		2000		0.434592
2000		1000		2000		0.208864
2000		0		2000		0.026303
9500		19000		9500		0.310112
3000		6000		3000		0.178925
2000		0		2000		0.507061
2000		0		2000		0.096461
2000		2000		2000		0.217296
2000		0		2000		0.035469
2000		1000		2000		0.208864
2000		2000		2000		0.208864
2000		0		2000		0.015880
2000		1000		2000		0.208864
2000		1000		2000		0.208864
2000		2000		2000		0.208864
2000		1000		2000		0.161676
2000		3000		2000		0.208864
2000		0		2000		0.020516
2000		0		2000		0.208864
2000		4000		2000		0.616284
2000		1000		2000		0.897063
2000		2000		2000		0.161920
2000		1000		2000		0.348236
2000		1000		2000		0.208864
2000		1000		2000		0.084721
7000		14000		7000		0.443216
2500		5000		2500		0.612471
3000		6000		3000		0.409296
2000		1000		2000		0.208864
2000		1000		2000		0.208864
2000		1000		2000		0.208864
2000		3000		2000		0.216979
2000		0		2000		0.088973
2000		2000		2000		0.390240
2000		1000		2000		0.208864
2000		4000		2000		0.803570
2000		1000		2000		0.208864
2000		2000		2000		0.185617
2000		2000		2000		0.208864
2000		3000		2000		0.723188
2000		2000		2000		0.208864
2000		2000		2000		0.409360
6500		13000		6500		0.276320
2500		5000		2500		0.208864
2000		2000		2000		3.028690
2000		3000		2000		0.208864
2000		0		2000		0.170519
2000		0		2000		0.147025
2000		3000		2000		0.208864
2000		3000		2000		0.208864
2500		5000		2500		0.443088
2000		1000		2000		0.094941
2000		2000		2000		0.288490
2000		1000		2000		0.398041
2000		4000		2000		0.400928
2000		1000		2000		0.208864
2000		3000		2000		0.217296
2000		2000		2000		0.409424
2000		2000		2000		0.352753
2000		1000		2000		0.198488
2000		3000		2000		0.217296
2000		1000		2000		0.088077
2000		2000		2000		0.372874
12500		25000		12500		0.532521
2500		5000		2500		0.172361
6500		13000		6500		0.293248
2000		3000		2000		0.156283
7000		14000		7000		0.582197
2000		3000		2000		0.144687
2000		2000		2000		0.208864
2000		2000		2000		0.494514
2000		2000		2000		0.208864
2000		0		2000		0.068270
2500		5000		2500		0.251152
5500		11000		5500		0.609984
2000		4000		2000		0.810224
2000		0		2000		0.208864
2000		2000		2000		1.044510
2000		1000		2000		0.208864
2000		1000		2000		0.208864
2000		3000		2000		0.626224
2000		0		2000		0.002987
2000		1000		2000		0.208864
2000		1000		2000		0.208864
2000		1000		2000		0.217296
2000		2000		2000		0.457215
2000		3000		2000		0.217296
2000		1000		2000		0.208864
2000		4000		2000		0.225728
2000		0		2000		0.022718
3000		6000		3000		0.676287
7000		14000		7000		0.384064
2500		5000		2500		0.350843
2000		2000		2000		0.208864
2000		0		2000		0.059878
2000		0		2000		0.065373
2000		0		2000		0.066009
2000		0		2000		0.019832
2000		2000		2000		0.409424
2000		0		2000		0.016997
2000		1000		2000		0.136916
2000		0		2000		0.006180
2000		2000		2000		0.354443
2000		3000		2000		0.217296
2500		5000		2500		0.434720
2000		2000		2000		0.208864
2000		0		2000		0.069276
2000		2000		2000		0.208864
2000		3000		2000		0.187669
4500		9000		4500		0.356912
2000		4000		2000		0.127262
2000		4000		2000		0.208864
2000		1000		2000		0.056833
2000		2000		2000		0.193876
2500		5000		2500		0.409424
2000		1000		2000		0.208864
2000		1000		2000		0.208864
2000		0		2000		0.037950
2000		2000		2000		0.208864
2000		0		2000		0.080894
2000		3000		2000		0.366725
2000		1000		2000		0.406227
2000		3000		2000		0.217296
2000		1000		2000		0.208864
2000		0		2000		0.083867
2000		2000		2000		0.168173
2000		0		2000		0.056331
2000		1000		2000		0.208864
2000		2000		2000		0.739354
5000		10000		5000		0.392432
2000		3000		2000		0.132914
6000		12000		6000		0.647024
2000		3000		2000		0.409424
2000		2000		2000		0.208864
2000		0		2000		0.020412
2000		3000		2000		0.708661
2000		1000		2000		0.835648
2000		0		2000		0.098708
2000		0		2000		0.095026
2000		2000		2000		0.409424
2000		1000		2000		0.417792
2000		0		2000		0.026147
2000		1000		2000		0.189687
2000		0		2000		0.058165
2000		1000		2000		0.396846
2000		4000		2000		0.609920
2000		1000		2000		0.208864
2000		1000		2000		0.189247
2000		1000		2000		0.208864
2000		0		2000		0.002274
2000		3000		2000		0.228362
8500		17000		8500		0.384064
3500		7000		3500		0.205366
6500		13000		6500		0.601552
2500		5000		2500		9.413670
2000		3000		2000		0.208864
2000		2000		2000		0.835648
2000		2000		2000		0.208864
2000		2000		2000		0.217296
2000		2000		2000		0.208864
2000		2000		2000		0.208864
2000		0		2000		0.023636
2000		0		2000		0.087910
2000		1000		2000		0.208864
2000		1000		2000		0.182366
2000		0		2000		0.086258
2000		2000		2000		0.411397
2000		1000		2000		0.208864
2000		0		2000		0.105064
2000		1000		2000		0.935558
2000		1000		2000		0.204483
2000		2000		2000		0.208864
2000		1000		2000		0.409360
2000		2000		2000		0.375515
2000		3000		2000		0.217296
2000		2000		2000		0.208864
4500		9000		4500		0.720178
2000		0		2000		0.032458
2000		2000		2000		0.911633
2000		1000		2000		0.111397
2000		3000		2000		0.217296
2000		2000		2000		0.688458
2000		2000		2000		0.208864
2000		1000		2000		0.275336
2000		1000		2000		0.342888
2000		1000		2000		0.835648
2000		3000		2000		0.208864
2000		2000		2000		0.785498
2000		2000		2000		0.208864
6500		13000		6500		9.961280
2000		2000		2000		0.208864
2000		0		2000		0.208864
2000		1000		2000		2.905740
2000		2000		2000		0.208864
2000		1000		2000		0.345044
2000		1000		2000		0.136444
2000		1000		2000		0.835648
2000		2000		2000		0.208864
2000		1000		2000		0.208864
2000		1000		2000		0.208864
2000		0		2000		0.100818
2000		0		2000		0.100818
2000		1000		2000		0.206847
2500		5000		2500		0.383936
2000		1000		2000		0.217296
2000		1000		2000		0.319475
2000		0		2000		0.208864
2000		1000		2000		0.400432
2000		2000		2000		0.208864
2000		0		2000		0.075980
2000		0		2000		0.071134
2000		1000		2000		0.365380
2000		2000		2000		0.100997
5000		10000		5000		0.434784
2000		4000		2000		0.208864
2000		0		2000		0.052317
2500		5000		2500		0.417856
2000		3000		2000		0.208864
2000		1000		2000		0.200510
2000		2000		2000		0.456745
2000		1000		2000		0.521596
2000		1000		2000		0.094521
2000		0		2000		0.085821
2000		0		2000		0.208864
2000		1000		2000		0.208864
2000		4000		2000		0.208864
2000		0		2000		0.094469
2000		0		2000		0.096746
2000		2000		2000		0.208864
2000		1000		2000		0.183302
2000		0		2000		0.055368
2000		0		2000		0.055368
2000		0		2000		0.105114
2000		0		2000		0.102383
2000		2000		2000		0.208864
2000		1000		2000		0.208864
2000		1000		2000		0.208864
2000		2000		2000		0.408864
6000		12000		6000		0.652144
3000		6000		3000		0.302083
6500		13000		6500		0.322048
2000		1000		2000		0.208864
2000		1000		2000		0.280084
2000		1000		2000		0.037613
7500		15000		7500		0.392496
3000		6000		3000		0.208864
5000		10000		5000		0.626848
2000		4000		2000		0.626848
2000		1000		2000		7.889640
2000		2000		2000		0.208864
2000		3000		2000		0.217296
2000		0		2000		0.191320
2000		1000		2000		0.208864
2000		4000		2000		0.583741
2000		0		2000		0.043323
2000		1000		2000		0.930078
2000		0		2000		0.092039
2000		2000		2000		0.208864
2000		3000		2000		0.675618
2000		1000		2000		0.043323
2000		1000		2000		0.139394
2000		4000		2000		0.217296
2000		3000		2000		0.417856
2000		4000		2000		0.785222
2000		2000		2000		0.208864
2000		2000		2000		0.123390
2000		2000		2000		0.172961
5000		10000		5000		0.434720
2000		4000		2000		0.208864
2000		1000		2000		0.208864
2000		4000		2000		0.217296
2000		1000		2000		0.835648
2000		0		2000		0.104701
2000		3000		2000		0.611486
5500		11000		5500		0.434784
2000		2000		2000		0.409360
2000		1000		2000		7.950750
2000		3000		2000		2.137040
2000		1000		2000		0.208864
2000		1000		2000		0.208864
2000		3000		2000		0.208864
2000		0		2000		0.241104
2000		2000		2000		0.426259
2000		0		2000		0.078500
2000		1000		2000		0.915528
2000		0		2000		0.048947
2000		1000		2000		0.208864
2000		1000		2000		0.208864
2000		2000		2000		0.208864
2000		2000		2000		0.626720
2000		1000		2000		0.208864
2000		2000		2000		0.208864
2000		0		2000		0.051412
2000		1000		2000		0.208864
2500		5000		2500		0.434656
2000		0		2000		0.078205
2000		4000		2000		0.409360
2000		1000		2000		0.208864
2000		2000		2000		0.208864
5000		10000		5000		0.217232
2000		3000		2000		0.202261
2000		1000		2000		0.734490
2000		2000		2000		0.426288
2000		2000		2000		0.208864
2000		3000		2000		0.170501
2500		5000		2500		0.184865
4000		8000		4000		0.365344
2000		3000		2000		0.208864
2000		0		2000		0.089024
2000		1000		2000		0.303790
2000		0		2000		0.075326
2000		4000		2000		0.626720
2000		1000		2000		0.287150
2000		0		2000		0.089566
2000		0		2000		0.095813
2000		0		2000		0.082345
2000		1000		2000		0.930241
2000		0		2000		0.098633
2000		1000		2000		0.252679
2000		0		2000		0.089966
2000		2000		2000		0.208864
2000		1000		2000		0.208864
2000		0		2000		0.084506
2000		1000		2000		0.208864
2000		2000		2000		0.626720
2000		1000		2000		0.217296
2000		3000		2000		0.191460
8500		17000		8500		0.242528
3000		6000		3000		0.426224
2000		4000		2000		0.217296
2000		1000		2000		0.195802
2000		1000		2000		0.234434
2000		1000		2000		0.208864
2000		2000		2000		0.924148
2000		4000		2000		0.561116
2000		1000		2000		0.436439
2000		1000		2000		0.165054
2000		0		2000		0.072991
2000		2000		2000		0.776002
2000		1000		2000		0.208864
4500		9000		4500		0.720178
2000		1000		2000		0.003566
2000		3000		2000		0.209154
2000		0		2000		0.057616
2000		0		2000		0.057616
2000		2000		2000		0.208864
2000		2000		2000		0.153818
4500		9000		4500		0.400992
2500		5000		2500		0.089149
13500		27000		13500		0.603552
6000		12000		6000		0.234224
2000		4000		2000		0.153934
2000		2000		2000		0.208864
2000		2000		2000		0.718820
2000		4000		2000		0.217296
2000		1000		2000		0.237884
2000		2000		2000		0.208864
2000		0		2000		0.101736
2000		0		2000		0.111873
2000		1000		2000		0.861322
2000		1000		2000		0.208864
2000		0		2000		0.086017
2000		0		2000		0.094449
2000		1000		2000		0.264676
2000		0		2000		0.064244
2000		1000		2000		0.921701
2000		0		2000		0.071633
2000		4000		2000		0.921402
2000		1000		2000		0.208864
2000		0		2000		0.208864
2000		3000		2000		0.208864
2000		0		2000		0.098714
2000		0		2000		0.006952
5000		10000		5000		0.680015
2000		3000		2000		0.434592
2000		3000		2000		0.208864
2000		3000		2000		0.462679
2000		0		2000		0.083203
2000		0		2000		0.065363
2000		2000		2000		0.208864
2000		3000		2000		0.208864
2000		0		2000		0.023184
2000		2000		2000		0.822808
2000		2000		2000		0.184809
2000		1000		2000		0.088701
2000		0		2000		0.014417
2000		0		2000		0.026007
2000		0		2000		0.099556
2000		0		2000		0.069203
2000		0		2000		0.031644
2000		0		2000		0.070980
2000		0		2000		0.062317
2000		2000		2000		0.208864
2000		0		2000		0.098752
2000		0		2000		0.019692
2000		1000		2000		0.217296
2000		4000		2000		0.609920
5500		11000		5500		0.409360
2000		3000		2000		0.217296
2000		1000		2000		0.165438
2000		2000		2000		0.225792
2000		0		2000		0.101670
2500		5000		2500		0.217296
2000		1000		2000		0.208864
2000		1000		2000		0.315311
2000		0		2000		0.081131
2000		2000		2000		0.186050
2000		1000		2000		0.208864
2000		2000		2000		0.208864
2000		3000		2000		0.217296
2000		2000		2000		0.208864
2000		0		2000		0.060271
2000		0		2000		0.107636
2000		0		2000		0.033344
2000		1000		2000		0.157234
2000		1000		2000		0.208864
2000		2000		2000		0.472210
2000		2000		2000		0.208864
2000		1000		2000		0.097768
2000		2000		2000		0.208864
5500		11000		5500		0.417792
2000		3000		2000		0.632868
2000		4000		2000		0.304055
2000		3000		2000		0.426224
2000		1000		2000		0.208864
2000		2000		2000		0.208864
2000		0		2000		0.045526
2000		2000		2000		0.208864
2000		4000		2000		0.359436
2000		3000		2000		0.813594
2000		1000		2000		0.102263
2000		0		2000		0.046374
2000		2000		2000		0.157257
2000		2000		2000		0.208864
2000		2000		2000		0.725577
2000		2000		2000		0.881856
2000		0		2000		0.080131
2000		1000		2000		0.181523
7500		15000		7500		0.669072
3000		6000		3000		0.251088
2000		2000		2000		0.383228
2000		3000		2000		0.495311
2000		1000		2000		0.114269
2000		0		2000		0.099965
2000		0		2000		0.099965
2000		3000		2000		0.208864
2000		2000		2000		0.208864
2000		2000		2000		0.208864
2000		4000		2000		0.208864
2000		3000		2000		0.828234
2000		2000		2000		0.795001
2000		4000		2000		0.417792
2000		3000		2000		0.217296
2000		2000		2000		0.208864
2000		1000		2000		0.200432
6000		12000		6000		0.208864
2000		4000		2000		0.514815
2000		1000		2000		0.299329
2000		2000		2000		0.208864
2000		1000		2000		0.178921
2000		3000		2000		0.033664
2000		2000		2000		0.208864
2000		1000		2000		0.230265
2000		0		2000		0.039773
2000		0		2000		0.094050
2000		0		2000		0.094050
2000		2000		2000		0.208864
2000		0		2000		0.088440
2000		0		2000		0.046134
2000		2000		2000		0.208864
2000		0		2000		0.064659
2000		1000		2000		0.154753
2000		0		2000		0.208864
2000		0		2000		0.058280
2000		2000		2000		0.735012
2000		1000		2000		0.029458
2000		1000		2000		0.208864
2000		3000		2000		0.208864
2000		2000		2000		0.931967
2000		1000		2000		0.208864
2000		0		2000		0.085342
2000		2000		2000		0.208864
2000		0		2000		0.000134
2000		0		2000		0.208864
4500		9000		4500		0.400992
2000		4000		2000		1.044510
2000		3000		2000		0.208864
2000		1000		2000		0.208864
2000		2000		2000		0.409360
2000		0		2000		0.124444
2000		1000		2000		0.413626
2000		0		2000		0.074480
2000		1000		2000		0.098957
2000		0		2000		0.208864
2000		4000		2000		0.758398
2000		1000		2000		0.181448
2000		0		2000		0.063494
2000		1000		2000		0.208864
2000		2000		2000		0.942653
2000		3000		2000		0.208864
2000		4000		2000		0.160463
2000		3000		2000		0.409360
2000		4000		2000		0.208864
2000		0		2000		0.076903
2000		0		2000		0.076903
2000		0		2000		0.109879
6500		13000		6500		0.434784
2000		4000		2000		0.268016
2000		1000		2000		0.073312
2000		3000		2000		0.573654
4000		8000		4000		0.365344
2000		2000		2000		0.179381
2000		3000		2000		0.217296
2000		0		2000		0.033989
2000		0		2000		0.082448
2000		1000		2000		0.208864
2000		1000		2000		0.208864
2000		0		2000		0.097595
2000		0		2000		0.100916
2000		0		2000		0.100154
2000		1000		2000		0.208864
2000		2000		2000		0.208864
2000		2000		2000		0.208864
2000		1000		2000		0.208864
2000		3000		2000		0.208864
2000		0		2000		0.104333
2000		2000		2000		0.208864
2000		1000		2000		0.208864
2000		1000		2000		0.935325
2000		4000		2000		0.417792
2000		2000		2000		0.208864
2000		2000		2000		0.208864
2000		0		2000		0.101880
2000		2000		2000		0.208864
2000		2000		2000		0.208864
10000		20000		10000		0.401056
4000		8000		4000		0.400992
2000		4000		2000		0.234224
2000		0		2000		0.005508
2000		1000		2000		0.158195
2000		0		2000		0.077062
2000		1000		2000		0.182708
2000		0		2000		0.046277
2000		0		2000		0.056172
2000		1000		2000		0.097239
2000		1000		2000		0.056071
2000		0		2000		0.013835
2000		2000		2000		0.374505
2000		2000		2000		0.208864
2000		1000		2000		0.208864
2000		0		2000		0.010944
2000		1000		2000		0.103011
2000		0		2000		0.013813
2000		2000		2000		0.217296
2000		0		2000		0.087139
2000		2000		2000		0.208864
2000		1000		2000		0.208864
2000		2000		2000		0.208864
2000		2000		2000		0.208864
2000		0		2000		0.098437
2000		2000		2000		0.791842
10500		21000		10500		0.417856
4500		9000		4500		0.626848
2000		4000		2000		0.216800
2000		2000		2000		0.208864
2000		1000		2000		0.208864
2000		0		2000		0.082251
2000		0		2000		0.094762
2000		2000		2000		0.208864
2000		1000		2000		0.116991
2000		1000		2000		0.201450
2000		2000		2000		0.208864
2000		0		2000		0.083489
2000		2000		2000		0.208864
2000		4000		2000		0.489290
2000		1000		2000		0.151199
2000		3000		2000		0.208864
2000		3000		2000		0.866372
2000		2000		2000		0.298235
2000		2000		2000		0.208864
8000		16000		8000		0.259392
3000		6000		3000		0.208864
2000		2000		2000		0.609360
2000		2000		2000		0.208864
2000		1000		2000		0.208864
2000		3000		2000		0.917452
2000		1000		2000		0.205156
2000		1000		2000		0.208864
2000		3000		2000		0.208864
2000		0		2000		0.094772
2000		1000		2000		0.936898
2000		0		2000		0.101250
2000		1000		2000		0.030271
2000		1000		2000		0.208864
2000		2000		2000		0.409424
2000		2000		2000		0.409296
2000		1000		2000		0.409360
2000		1000		2000		0.208864
2000		1000		2000		0.208864
2000		0		2000		0.073078
2000		0		2000		0.073078
2000		4000		2000		0.882958
2000		2000		2000		0.208864
6000		12000		6000		0.485248
2000		4000		2000		0.208864
2000		3000		2000		0.208864
2000		0		2000		0.187399
2000		1000		2000		0.478989
2000		0		2000		0.068095
2000		3000		2000		0.701007
2000		0		2000		0.238651
2000		1000		2000		0.157985
2000		2000		2000		0.626720
2000		0		2000		0.034554
2000		0		2000		0.087470
2000		1000		2000		0.208864
2000		3000		2000		0.217232
2000		0		2000		0.108075
2000		0		2000		0.096173
2000		4000		2000		0.208864
2000		1000		2000		0.208864
4000		8000		4000		0.348416
2000		2000		2000		0.411308
2000		2000		2000		0.947360
2500		5000		2500		0.848411
2000		0		2000		0.095560
2000		0		2000		0.063911
2000		1000		2000		0.208864
2000		0		2000		0.105689
2000		2000		2000		0.460580
2000		1000		2000		0.208864
2000		0		2000		0.005517
2000		0		2000		0.049597
2000		0		2000		0.046347
2000		0		2000		0.054779
2000		1000		2000		0.155840
2000		2000		2000		0.774493
2000		0		2000		0.018535
2000		0		2000		0.085772
2000		2000		2000		0.417792
2000		2000		2000		0.408864
2000		0		2000		0.208864
2000		3000		2000		0.408368
2000		0		2000		0.208864
2000		1000		2000		0.208864
2000		1000		2000		0.208864
2000		3000		2000		0.518213
2000		1000		2000		0.208864
2000		0		2000		0.009200
8500		17000		8500		0.242528
3500		7000		3500		0.294118
3500		7000		3500		0.242592
2000		1000		2000		0.071738
2000		2000		2000		0.208864
2000		0		2000		0.056923
2000		3000		2000		0.168247
11000		22000		11000		0.191902
2000		3000		2000		0.417792
2000		1000		2000		0.208864
2000		0		2000		0.077777
2000		1000		2000		0.839866
2000		0		2000		0.104766
2000		2000		2000		0.409360
2000		0		2000		0.062386
2000		1000		2000		0.208864
2000		4000		2000		0.217296
2000		0		2000		0.081231
2000		4000		2000		0.208864
2000		1000		2000		0.208864
2000		2000		2000		0.208864
2000		1000		2000		0.208864
2000		3000		2000		0.331262
2000		1000		2000		0.440396
2000		2000		2000		0.409360
2000		1000		2000		0.042601
2000		1000		2000		0.311806
2000		3000		2000		0.217296
7000		14000		7000		0.695491
2000		2000		2000		0.208864
2000		3000		2000		0.744859
2000		1000		2000		0.041635
2000		3000		2000		0.161332
2000		2000		2000		0.208864
2000		0		2000		0.083581
2000		2000		2000		0.208864
2000		1000		2000		0.417296
2000		2000		2000		0.626720
2000		1000		2000		0.208864
2000		1000		2000		0.166355
2000		3000		2000		0.216800
2000		1000		2000		0.161273
2500		5000		2500		0.190273
2000		1000		2000		0.208864
2000		0		2000		0.049078
2000		0		2000		0.095742
2000		0		2000		0.014741
2000		2000		2000		0.483917
2000		0		2000		0.093379
2000		2000		2000		0.417792
2000		0		2000		0.100066
7000		14000		7000		0.618288
2500		5000		2500		0.208864
2000		2000		2000		0.519401
2000		2000		2000		0.969236
2000		1000		2000		0.217296
2000		4000		2000		0.426224
2000		0		2000		0.036209
2000		4000		2000		0.208864
2000		3000		2000		0.618160
2000		1000		2000		0.208864
2000		3000		2000		0.225792
2000		2000		2000		0.170471
2000		0		2000		0.105739
2000		3000		2000		0.707206
2000		0		2000		0.019858
2000		1000		2000		0.511420
2000		1000		2000		0.423297
2000		2000		2000		0.948890
6500		13000		6500		0.384128
3000		6000		3000		0.202987
6500		13000		6500		0.417728
2000		4000		2000		0.417792
2000		1000		2000		0.835648
2000		3000		2000		0.341135
2000		2000		2000		0.626720
2000		0		2000		0.019824
2000		0		2000		0.052792
2000		0		2000		0.067272
2000		1000		2000		0.208864
2000		1000		2000		0.208864
2000		2000		2000		0.827152
2000		2000		2000		0.908145
2000		0		2000		0.208864
2500		5000		2500		0.660985
9500		19000		9500		0.409424
3500		7000		3500		0.208864
2000		0		2000		0.072226
2000		0		2000		0.080658
2000		0		2000		0.051964
2000		0		2000		0.022454
2000		2000		2000		0.208864
2000		1000		2000		0.078319
2000		1000		2000		0.173178
2000		0		2000		0.101270
2000		2000		2000		0.920567
2000		3000		2000		0.643584
2000		2000		2000		0.519027
2000		0		2000		0.096801
2000		2000		2000		0.892374
2000		0		2000		0.097952
2000		0		2000		0.097044
2000		1000		2000		0.944427
2000		0		2000		0.102849
2000		2000		2000		0.208864
2000		1000		2000		0.417792
2000		1000		2000		0.208864
14000		28000		14000		0.386000
5500		11000		5500		0.392560
2500		5000		2500		0.408864
2000		1000		2000		0.208864
2000		0		2000		0.090535
2000		1000		2000		0.208864
2000		2000		2000		0.208864
2000		0		2000		0.045706
2000		0		2000		0.065817
2000		1000		2000		0.208864
2000		0		2000		0.100015
2000		4000		2000		0.217296
2000		2000		2000		0.363326
2500		5000		2500		0.239615
2000		0		2000		0.187489
2000		2000		2000		0.154851
9500		19000		9500		0.485312
3500		7000		3500		0.394698
2000		1000		2000		0.417792
2000		1000		2000		0.528634
2000		0		2000		0.102616
2000		2000		2000		0.295405
2000		1000		2000		0.626720
2000		1000		2000		0.185717
2000		2000		2000		0.208864
2000		0		2000		0.084313
2000		0		2000		0.092745
2000		1000		2000		0.064571
2000		3000		2000		0.217296
2000		1000		2000		0.208864
2000		2000		2000		0.225792
2000		1000		2000		0.103720
2000		1000		2000		0.394599
2000		2000		2000		0.319402
2000		0		2000		0.046941
2000		1000		2000		0.068321
2000		2000		2000		0.208864
5500		11000		5500		0.399216
2000		1000		2000		0.824549
2000		0		2000		0.050658
2000		3000		2000		0.217296
2000		0		2000		0.057772
2000		0		2000		0.033818
2000		0		2000		0.064199
2000		3000		2000		0.762899
2000		1000		2000		0.159250
2000		3000		2000		0.426224
2000		2000		2000		0.113352
2000		2000		2000		0.417792
2000		3000		2000		0.208864
2000		2000		2000		0.304767
2000		1000		2000		0.208864
2000		0		2000		0.046735
2000		2000		2000		0.409360
2000		0		2000		0.054879
2000		2000		2000		0.945590
2000		1000		2000		0.237555
2000		2000		2000		0.781713
4500		9000		4500		0.643712
2000		2000		2000		0.409360
2000		2000		2000		0.732218
2000		4000		2000		0.208864
2000		3000		2000		0.208864
2000		3000		2000		0.199692
2000		3000		2000		0.183405
2000		1000		2000		0.208864
2000		3000		2000		0.704505
2000		3000		2000		0.426224
2000		2000		2000		0.208864
2000		2000		2000		0.329257
2000		1000		2000		0.111201
2000		1000		2000		0.145284
2000		1000		2000		0.283602
2000		1000		2000		0.903373
2000		0		2000		0.143887
2000		2000		2000		0.425728
2000		0		2000		0.065417
2000		1000		2000		0.208864
2000		3000		2000		0.208864
4500		9000		4500		0.720114
2000		4000		2000		0.208864
2000		2000		2000		0.208864
2000		0		2000		0.049795
2000		0		2000		0.099182
2000		0		2000		0.021779
2000		2000		2000		0.240946
2000		1000		2000		0.200346
2000		3000		2000		0.267071
2000		2000		2000		0.505812
2000		0		2000		0.104884
2000		0		2000		0.085495
2000		2000		2000		0.208864
2000		1000		2000		0.208864
2000		2000		2000		0.626720
2000		1000		2000		0.835648
2000		0		2000		0.096111
2000		2000		2000		0.208864
2000		0		2000		0.032529
2000		2000		2000		0.407913
2000		0		2000		0.096553
2000		1000		2000		0.217296
2000		3000		2000		0.370223
2000		3000		2000		0.608800
2000		1000		2000		0.463975
2000		0		2000		0.084786
7000		14000		7000		0.284816
2500		5000		2500		0.208864
2000		3000		2000		0.217296
6000		12000		6000		0.208864
2000		4000		2000		0.161044
5000		10000		5000		0.217232
2000		2000		2000		0.425792
2000		0		2000		0.217296
2000		1000		2000		1.467060
2000		0		2000		0.208864
2000		3000		2000		0.208864
2000		0		2000		0.142600
2000		4000		2000		0.208864
2000		2000		2000		0.409424
2000		2000		2000		0.208864
2000		1000		2000		0.163109
2000		3000		2000		0.416737
2000		3000		2000		0.208864
2000		1000		2000		0.138204
2000		2000		2000		0.390771
2000		2000		2000		0.208864
2000		0		2000		0.062835
2000		1000		2000		0.208864
2000		1000		2000		0.208864
2000		0		2000		0.012554
4500		9000		4500		0.635280
2000		2000		2000		0.148110
2000		0		2000		0.053269
2000		1000		2000		0.626720
2000		1000		2000		0.854310
2000		2000		2000		0.208864
2000		1000		2000		0.096209
2000		2000		2000		0.484519
2000		1000		2000		0.208864
2000		3000		2000		0.461193
2000		0		2000		0.078718
2000		1000		2000		0.194561
2000		2000		2000		0.208864
2000		1000		2000		0.789687
2000		2000		2000		0.409424
2000		0		2000		0.077961
2000		0		2000		0.089103
2000		2000		2000		0.208864
2000		2000		2000		0.217296
2000		0		2000		0.053565
2000		1000		2000		0.115416
2000		0		2000		0.078688
2000		2000		2000		0.208864
2000		0		2000		0.022371
2000		1000		2000		0.151759
