ssthresh	bytesInFlight	cWndAtTheEnd	TimeSpentInRecovery
12800		14000		12000		0.584624
5000		10000		5000		0.642995
2000		3000		2000		0.632104
2000		4000		2000		0.187981
2000		1000		2000		0.208864
2000		2000		2000		0.472704
2000		3000		2000		0.456528
2000		3000		2000		0.208864
2000		1000		2000		0.185209
2000		2000		2000		0.208864
2000		1000		2000		0.208864
2000		2000		2000		0.208864
2000		0		2000		0.208864
2000		2000		2000		0.626720
3000		6000		3000		0.217296
2000		4000		2000		0.417856
2000		3000		2000		0.208864
2000		1000		2000		0.029760
2000		1000		2000		0.179053
2000		4000		2000		0.719260
2000		4000		2000		0.208864
2000		1000		2000		0.208864
2000		4000		2000		0.225728
22400		26000		22400		0.276256
17600		20000		17600		0.401056
13600		16000		13600		0.208864
11200		12000		11200		0.508048
2000		4000		2000		0.227526
2000		4000		3000		0.033728
2000		1000		2000		0.208864
2000		1000		2000		0.208864
2000		1000		2000		0.208864
2000		2000		2000		0.431401
2000		2000		2000		0.410261
2000		0		2000		0.155550
2000		1000		2000		0.129268
2000		2000		2000		0.208864
2500		5000		2500		0.208864
2000		2000		2000		0.208864
2000		2000		2000		0.750270
2000		4000		2000		0.208864
2000		1000		2000		0.835648
2000		0		2000		0.031639
2000		1000		2000		0.208864
2000		4000		2000		0.208864
2000		1000		2000		0.744463
31200		37000		31200		0.262047
4000		8000		4000		0.417792
2000		0		2000		0.217296
2000		1000		2000		0.045457
2000		1000		2000		0.045457
2000		2000		2000		0.208864
2000		1000		2000		0.141417
3000		6000		3000		0.208864
2000		1000		2000		0.217296
2000		0		2000		0.277214
2000		1000		2000		0.208864
2000		0		2000		0.101418
2000		1000		2000		0.208864
2000		2000		2000		0.208864
2000		0		2000		0.025108
2000		2000		2000		0.225792
2000		3000		2000		0.538934
2000		1000		2000		0.048147
2000		3000		2000		0.770408
2000		0		2000		0.208864
2000		2000		2000		0.703444
2000		2000		2000		0.208864
2000		1000		2000		0.208864
2000		0		2000		0.013898
2000		3000		2000		0.733181
2000		3000		2000		0.919222
2000		2000		2000		0.292855
20000		23000		20000		0.510672
16000		18000		16000		0.384192
12800		15000		12800		0.384128
5500		11000		5500		0.443024
3000		6000		3000		0.475008
2000		2000		2000		0.208864
2000		2000		2000		0.843405
2000		1000		2000		0.208864
2000		1000		2000		0.208864
2000		0		2000		0.217296
2000		3000		2000		0.208864
2000		2000		2000		0.207858
2000		4000		3000		0.242266
2000		2000		3000		0.208864
2000		4000		3000		0.033664
2000		1000		2000		0.111922
2000		2000		2000		0.208864
2000		1000		2000		0.208864
2000		1000		2000		0.208864
2000		1000		2000		0.141577
2000		1000		2000		0.421176
2000		0		2000		0.003816
5500		11000		5500		0.407712
2000		3000		2000		0.148475
2000		3000		2000		0.166905
2000		2000		2000		0.208864
2000		2000		2000		0.225728
2000		1000		2000		0.208864
2000		2000		2000		0.531950
2000		2000		2000		0.501035
2000		1000		2000		0.906058
2000		1000		2000		0.951417
2000		2000		2000		0.426224
2000		0		2000		0.202000
2000		4000		2000		0.426288
2500		5000		2500		0.208864
2000		1000		2000		0.128865
2000		2000		2000		0.713535
2000		2000		2000		0.803162
2500		5000		2500		0.426224
2000		4000		2000		0.208864
2000		2000		2000		0.225728
2000		1000		2000		0.154248
2000		3000		2000		0.643520
4500		9000		4500		0.208864
2000		3000		2000		0.194499
2000		3000		2000		0.218417
2000		3000		3000		0.146383
2000		1000		2000		0.095661
2500		5000		2500		0.601296
2000		2000		2000		0.895975
2000		4000		2000		0.202445
2000		1000		2000		0.155056
2000		2000		2000		0.392831
2000		3000		2000		0.208864
2000		1000		2000		0.217296
2000		1000		2000		0.101028
2000		3000		2000		0.408368
2000		0		2000		0.208864
2500		5000		3000		0.217296
2000		1000		2000		0.208864
2000		1000		2000		0.208864
2000		1000		2000		0.479265
2000		2000		2000		0.523460
2000		2000		2000		0.426288
2000		2000		2000		0.208864
2000		1000		2000		0.208864
2500		5000		2500		0.217728
2000		2000		2000		0.875778
2000		0		2000		0.031698
2000		1000		2000		0.208864
2000		2000		2000		0.208864
2000		2000		2000		0.956406
4000		8000		4000		0.259520
2000		3000		4000		0.078242
2500		5000		2500		0.580025
2000		3000		2000		0.408864
2000		0		2000		0.208864
2000		1000		2000		0.208864
2000		3000		2000		0.417792
2000		3000		2000		0.208864
2000		1000		2000		0.208864
2000		3000		2000		0.208864
2000		0		2000		0.028272
2000		1000		2000		0.835648
2000		1000		2000		0.217296
2000		2000		2000		0.476043
2000		1000		2000		0.208864
2000		1000		2000		0.208864
2000		4000		2000		0.434592
2000		1000		2000		0.202526
3000		6000		3000		0.250528
2000		1000		2000		0.208864
2000		1000		2000		0.208864
2000		1000		2000		0.208864
2500		5000		2500		0.443152
2000		3000		2000		0.852161
2000		1000		2000		0.208864
2000		3000		2000		0.208864
2000		0		2000		0.041649
2000		1000		2000		0.190939
12000		13000		12000		0.650722
2000		3000		2000		0.445990
2000		2000		2000		0.400432
2000		0		2000		0.208864
3000		6000		3000		0.217296
2000		2000		3000		0.208864
2000		3000		2000		0.893653
2000		2000		2000		0.626720
2000		3000		2000		0.217296
2000		3000		3000		0.409232
2000		3000		2000		0.282732
2000		2000		3000		0.173145
2000		3000		2000		0.216800
2000		1000		2000		0.181509
2000		3000		2000		0.703026
2000		2000		0		0.635152
2000		1000		2000		0.281015
2000		2000		2000		0.872651
2000		1000		2000		0.208864
2500		5000		2500		0.234160
2000		3000		2000		0.766546
2000		2000		2000		0.409424
2000		1000		2000		0.208864
2500		5000		2500		0.217232
11200		12000		11200		0.593120
4500		9000		4500		0.626912
2000		0		2000		0.208864
2000		1000		2000		0.144488
2000		2000		2000		0.090613
3000		6000		3000		0.409360
2000		3000		3000		0.417439
3000		6000		3000		0.225728
2000		4000		2000		0.749099
2000		3000		2000		0.208864
2000		2000		2000		0.208864
2000		2000		2000		0.408928
2000		3000		2000		0.216864
2000		3000		2000		0.217296
2000		4000		2000		0.426288
2000		3000		3000		0.217296
2000		0		2000		0.244467
2000		2000		3000		0.212643
2000		1000		2000		0.183242
2000		4000		2000		0.208864
2000		0		2000		0.100719
2000		4000		2000		0.217296
2000		2000		2000		0.835648
5500		11000		5500		0.669053
2000		3000		2000		0.165447
2000		4000		5000		0.154145
2000		2000		3000		0.145713
4000		8000		4000		0.234160
2000		4000		2000		0.217296
2000		2000		2000		0.409424
2500		5000		2500		0.476245
2000		2000		2000		0.333586
2000		2000		2000		0.208864
2000		1000		2000		0.208864
2000		1000		2000		0.315475
2000		2000		2000		0.208864
2000		4000		2000		0.574446
2000		2000		2000		0.208864
2000		2000		2000		0.208864
2000		0		2000		0.208864
2000		2000		2000		0.966806
2000		4000		2000		0.217296
2000		1000		2000		0.048511
16800		19000		16800		0.401056
12800		14000		10000		0.375632
5500		11000		5500		0.400736
3000		6000		3000		0.217296
2000		1000		2000		0.139784
2500		5000		2500		0.626720
2000		2000		2000		0.208864
2000		0		2000		0.014634
2000		1000		2000		0.208864
2000		2000		2000		0.208864
3000		6000		3000		0.538894
3000		6000		3000		0.208864
3000		6000		3000		0.208864
2000		2000		2000		0.300762
2000		4000		2000		0.417856
2000		1000		2000		0.163731
2000		0		2000		0.036495
2500		5000		2500		0.216800
2000		0		2000		0.061081
13600		15000		13600		0.350336
3500		7000		3500		6.167590
2000		2000		0		0.844144
3500		7000		3500		0.392496
2000		3000		2000		0.208864
2000		2000		2000		0.816388
2000		3000		2000		0.216800
2000		1000		2000		0.163438
2000		2000		2000		0.425728
2000		4000		2000		0.409424
2000		1000		2000		0.290518
2000		1000		2000		0.208864
2000		2000		2000		0.208864
2000		3000		2000		0.339059
2000		1000		2000		0.184586
2000		1000		2000		0.208864
3000		6000		3000		0.417792
2000		2000		2000		0.337599
2500		5000		2500		0.208864
2000		1000		2000		0.071615
2000		0		2000		0.185630
2000		1000		2000		0.142840
2000		3000		3000		0.225664
2000		1000		2000		0.037956
2000		0		0		0.217296
5500		11000		5500		0.225664
3000		6000		3000		0.259520
2000		4000		2000		0.402090
2000		1000		2000		0.208864
2000		2000		2000		0.225792
2000		4000		2000		0.417792
2000		2000		2000		0.208864
2000		2000		2000		0.208864
2000		2000		2000		0.208864
2000		1000		2000		0.117592
2000		1000		2000		0.208864
2500		5000		2500		0.426224
2000		4000		2000		0.217296
2000		2000		2000		0.208864
2000		1000		2000		0.488571
2000		0		2000		0.096868
2000		0		2000		0.098664
2000		3000		2000		0.217232
2000		1000		2000		0.208864
2000		2000		2000		0.835648
2000		1000		2000		0.479234
2000		4000		2000		0.369475
2000		3000		2000		0.225664
2000		2000		2000		0.626720
13600		15000		13600		0.225728
5000		10000		5000		0.208864
2000		4000		2000		0.706748
2000		3000		2000		0.208864
2000		1000		2000		0.059748
2000		1000		2000		0.037297
2000		3000		2000		0.208864
2000		0		2000		0.047626
2000		2000		2000		0.409424
2500		5000		2500		0.643088
2000		2000		2000		0.208864
2000		4000		2000		0.208864
2000		4000		3000		0.182344
2000		3000		2000		0.638240
2000		3000		4000		0.161850
2000		3000		2000		0.216864
2000		3000		2000		0.208864
2500		5000		2500		0.643648
2000		1000		2000		0.079132
2000		2000		2000		0.392239
2000		4000		2000		0.360307
2000		0		2000		0.029251
2000		3000		2000		0.208864
12800		13000		12800		0.451584
5000		10000		5000		0.208864
2000		3000		2000		0.208864
2000		2000		2000		0.949654
2000		0		2000		0.231396
2000		4000		3000		0.597367
2000		2000		2000		0.834306
2000		3000		2000		0.216800
3000		6000		3000		0.392496
2000		2000		2000		0.340183
2000		1000		2000		0.408864
2000		1000		2000		0.208864
2000		1000		2000		0.208864
2000		3000		2000		0.832671
2000		1000		2000		0.177770
3000		6000		3000		0.267952
2000		2000		2000		0.298112
2000		3000		2000		0.417792
2000		2000		2000		0.208864
2000		0		2000		0.101104
2000		1000		2000		0.208864
2000		3000		2000		0.216800
2000		1000		2000		0.185851
2000		4000		2000		0.409424
2000		0		2000		0.037098
2000		2000		2000		0.367383
4500		9000		4500		0.400992
2000		2000		2000		0.208864
2000		0		2000		0.208864
2000		0		2000		0.151811
2000		1000		2000		0.868335
2000		1000		2000		0.462585
2000		1000		2000		0.208864
2000		2000		2000		0.484766
2000		4000		2000		0.208864
2000		1000		2000		0.208864
2000		3000		3000		0.044787
2000		1000		2000		0.373561
2000		3000		2000		0.226288
2000		1000		2000		0.208864
2000		1000		2000		0.185782
2000		2000		2000		0.079783
2000		2000		2000		0.208864
2000		3000		2000		0.217296
2000		2000		2000		0.390270
2000		2000		2000		0.479742
2000		3000		2000		0.208864
2000		0		2000		0.085304
2000		2000		2000		0.217296
2000		4000		5000		0.127120
2000		3000		2000		0.208864
2000		4000		2000		0.652448
2000		3000		2000		0.208864
2000		1000		2000		0.499160
2000		1000		2000		0.208864
2000		3000		2000		0.208864
2000		3000		2000		0.208864
3500		7000		3500		0.756735
4500		9000		4500		0.217296
2000		2000		2000		0.158625
2000		2000		2000		0.225792
2000		3000		2000		0.208864
2000		3000		2000		0.221452
2000		2000		2000		0.208864
2000		3000		2000		0.657881
2000		1000		2000		0.208864
2500		5000		2500		0.225728
2000		1000		2000		0.031090
2000		2000		2000		0.208864
2000		1000		2000		0.208864
2000		1000		2000		0.012892
2500		5000		3112		0.302492
2000		1000		2000		0.208864
2000		1000		2000		0.274123
2000		2000		2000		0.760774
2000		1000		2000		0.720542
2000		1000		2000		0.208864
2000		1000		2000		0.108744
2000		3000		3000		0.426787
2500		5000		2500		0.208864
2000		0		2000		0.055570
4000		8000		4000		0.426288
2000		4000		2000		0.208864
2000		1000		2000		0.208864
2000		3000		4000		0.002093
2000		1000		2000		0.155525
2000		0		2000		0.317326
2000		0		2000		0.217296
2000		1000		2000		0.182607
2000		3000		2000		0.338798
2000		1000		2000		0.208864
2000		2000		2000		0.835648
2000		2000		2000		0.208864
2000		0		2000		0.107537
2000		2000		2000		0.208864
2000		2000		2000		0.208864
2000		0		2000		0.064598
2000		2000		2000		0.524601
2000		2000		2000		0.208864
2000		4000		2000		0.345483
2000		3000		2000		0.208864
2000		2000		2000		0.208864
2500		5000		2500		0.208864
2000		1000		2000		0.253013
2000		3000		3000		0.200368
2000		2000		2000		0.814345
2000		1000		2000		0.208864
2000		1000		2000		0.489578
2000		4000		2000		0.609296
2000		2000		2000		0.208864
2000		2000		2000		0.208864
12800		14000		12800		0.754382
3500		7000		3500		0.398342
2000		0		2000		0.217296
2000		3000		2000		0.225728
2000		2000		2000		0.208864
3500		7000		3500		0.208864
2000		1000		2000		0.123539
2500		5000		2500		0.145601
2500		5000		2500		0.766974
2000		0		2000		0.010313
2000		2000		2000		0.208864
2000		4000		2000		0.217296
2000		3000		2000		0.208864
2000		1000		2000		0.243223
2000		1000		2000		0.417792
2000		1000		2000		0.208864
2000		1000		2000		0.208864
2000		3000		2000		0.434592
2000		0		2000		0.102899
2000		2000		2000		0.208864
2000		2000		2000		0.793979
2000		2000		2000		0.237033
2000		2000		2000		0.208864
5000		10000		5000		0.465484
2000		2000		2000		0.766690
2000		4000		2000		0.272391
3000		6000		3000		0.417792
2000		1000		2000		0.075957
2000		1000		2000		0.087578
2000		2000		2000		0.208864
2000		1000		2000		0.208864
2000		3000		2000		0.225728
2000		1000		2000		0.208864
2000		3000		2000		0.208864
2000		0		2000		0.040682
2000		4000		2000		0.208864
2000		0		2000		0.058125
2000		2000		2000		0.626720
2000		3000		2000		0.898342
2500		5000		2500		0.217296
2000		3000		2000		0.208864
2000		3000		2000		0.208864
2500		5000		2500		0.688066
2000		3000		2000		0.844016
2000		1000		2000		0.208864
2000		3000		3000		0.895739
4000		8000		4000		0.365344
2000		2000		2000		0.217296
2000		1000		2000		0.038132
2000		2000		2000		0.073419
2000		4000		2000		0.669826
2000		4000		3000		0.186746
2000		2000		2000		0.208864
2000		1000		2000		0.826859
2000		1000		2000		0.205009
2000		0		2000		0.061290
2000		4000		2000		0.208864
2000		1000		2000		0.400928
2000		0		2000		0.031580
2000		1000		2000		0.208864
2000		4000		2000		0.234096
2000		1000		2000		0.835648
2000		2000		2000		0.208864
2000		2000		2000		0.434720
2000		1000		2000		0.208864
2000		2000		2000		0.490448
2000		2000		2000		0.208864
2000		2000		2000		0.208864
2000		3000		2000		0.267775
2000		2000		2000		0.911304
2000		2000		2000		0.217296
2000		2000		2000		0.136476
2000		1000		2000		0.208864
2000		1000		2000		0.046897
12800		14000		12800		0.251088
5000		10000		5000		0.417792
2000		4000		2000		0.217296
2000		3000		2000		0.217296
2000		3000		2000		0.801682
2000		3000		2000		0.217296
2000		1000		2000		0.141701
2000		0		2000		0.021770
2000		1000		2000		0.208864
2000		1000		2000		0.208864
2000		3000		2000		0.208864
2000		1000		2000		0.208864
2000		1000		2000		0.835648
2000		1000		2000		0.307330
2000		0		2000		0.069625
2000		1000		2000		0.257871
2000		3000		2000		0.208864
2000		3000		2000		0.208864
2000		2000		2000		0.433732
2000		1000		2000		0.400992
2000		3000		2000		0.424119
2000		4000		2000		0.208864
2500		5000		6000		0.126679
2000		3000		2000		0.417792
2000		1000		2000		0.208864
2000		1000		2000		0.208864
12000		13000		12000		0.468384
4500		9000		4500		0.409360
2000		3000		2000		0.916194
2000		3000		2000		0.726660
2000		1000		2000		0.102853
2000		4000		2000		0.208864
2000		1000		2000		0.208864
2000		3000		2000		0.241550
2000		2000		2000		0.859977
2500		5000		4000		0.050592
2000		1000		2000		0.706486
2000		3000		3000		0.217296
5000		10000		5000		0.251024
2000		4000		2000		0.208864
2000		2000		2000		0.208864
2000		3000		2000		0.400992
2000		2000		2000		0.208864
2000		3000		2000		0.707432
4500		9000		4500		0.251024
2000		4000		2000		0.208864
2000		2000		2000		0.835648
2000		3000		2000		0.208864
2000		3000		3000		0.033664
2000		1000		2000		0.208864
2000		4000		2000		0.426224
2000		0		2000		0.057607
2000		0		2000		0.093423
2000		3000		2000		0.217296
2000		2000		2000		0.208864
2000		4000		2000		0.208864
2000		3000		2000		0.560925
2000		2000		2000		0.609296
2000		2000		2000		0.208864
2000		1000		2000		0.208864
2000		2000		2000		0.464101
2500		5000		2500		0.644555
2000		4000		2000		0.409360
2000		3000		2000		0.699336
2000		1000		2000		0.208864
2000		1000		2000		0.116601
15200		18000		15200		0.265822
2000		3000		3000		0.217296
2000		4000		2000		0.251152
2000		1000		2000		0.128459
2000		2000		2000		0.286766
2000		4000		2000		0.225728
2000		2000		2000		0.208864
2000		0		2000		0.188690
2000		2000		2000		0.208864
2000		2000		2000		0.208864
2000		3000		2000		0.795906
2000		2000		2000		0.208864
2000		3000		2000		0.285489
2500		5000		2500		0.225728
2000		3000		2000		0.626720
2000		1000		2000		0.208864
3500		7000		3500		0.426352
2000		3000		2000		0.901332
2000		1000		2000		0.182996
2000		2000		2000		0.821182
17600		20000		17600		0.434784
13600		16000		13600		0.409616
6000		12000		6000		0.400928
3000		6000		3000		0.217296
2000		1000		2000		0.084905
2000		3000		2000		0.885386
2000		1000		2000		0.208864
2000		4000		3000		0.217296
2000		2000		2000		0.696703
2000		3000		2000		0.443580
2000		3000		2000		0.217296
2000		4000		2000		0.208864
2000		4000		2000		0.384512
2000		1000		2000		0.208864
2000		2000		2000		0.208864
2000		1000		2000		0.208864
2000		3000		2000		0.648376
2000		3000		3000		0.170880
13600		15000		13600		0.242528
6000		12000		6000		0.417920
2000		4000		2000		0.208864
2000		1000		2000		0.192031
2000		0		2000		0.046134
2000		1000		2000		0.281691
2000		4000		3000		0.033664
2000		2000		2000		0.315421
3000		6000		3000		0.208864
2000		2000		2000		0.208864
2000		3000		3000		0.530157
2000		2000		2000		0.208864
2000		4000		2000		0.426288
2000		4000		2000		0.208864
2000		2000		2000		0.417792
2000		0		2000		0.112420
2000		1000		2000		0.037443
2000		2000		2000		0.208864
2000		3000		2000		0.425792
2000		1000		2000		0.208864
2000		1000		2000		0.217296
2000		0		2000		0.125708
2000		0		2000		0.117276
2000		1000		2000		0.326204
2000		2000		2000		0.543225
2000		0		2000		0.217296
2000		1000		2000		0.217296
14400		16000		14400		0.367200
11200		12000		11000		0.409552
5000		10000		5000		0.417984
2000		3000		2000		0.208864
2000		2000		3000		0.083625
2000		4000		2000		0.252328
2000		1000		2000		0.068696
2000		4000		2000		0.208864
2000		4000		2000		0.732142
2000		4000		2000		0.315943
2000		3000		2000		0.540930
3000		6000		3000		0.122373
2000		3000		2000		0.626720
3000		6000		3000		0.400992
2000		3000		2000		0.216800
2000		2000		2000		0.203501
2500		5000		2500		0.217296
2000		4000		2000		0.664194
2000		4000		2000		0.208864
12000		13000		12000		0.208864
5000		10000		5000		0.197655
2000		2000		2000		0.626720
2000		2000		2000		0.208864
2000		4000		2000		0.653676
2000		2000		2000		0.208864
2000		2000		2000		0.208864
2000		3000		2000		0.626720
2000		1000		2000		0.208864
2000		1000		2000		0.626720
2000		2000		2000		0.208864
2000		0		2000		0.089582
2000		0		2000		0.087398
2000		2000		2000		0.217296
2000		4000		2000		0.225728
2000		2000		2000		0.417856
2000		1000		2000		0.208864
2000		2000		2000		0.805950
2000		1000		2000		0.208864
2000		0		2000		0.043472
2000		2000		2000		0.426224
2000		2000		2000		0.208864
2000		2000		2000		0.417792
2000		4000		2000		0.208864
2000		3000		2000		0.626720
2000		2000		2000		0.222177
2000		4000		2000		0.731380
2000		2000		2000		0.208864
5500		11000		5500		0.672279
2000		2000		2000		0.208864
2000		4000		2000		0.828010
2000		3000		2000		0.453409
2000		4000		2000		0.811578
2000		3000		2000		0.208864
2000		1000		2000		0.208864
2000		1000		2000		0.094802
2000		1000		2000		0.208864
2000		2000		2000		0.208864
2000		1000		2000		0.936923
2000		1000		2000		0.208864
2000		3000		2000		0.409360
2000		2000		2000		0.409360
2000		1000		2000		0.161609
2000		3000		2000		0.958599
2000		3000		2000		0.835712
2000		2000		2000		0.458050
2000		1000		2000		0.939117
2000		0		2000		0.208864
2000		3000		2000		0.208864
2000		3000		2000		0.208864
2000		4000		2000		0.208864
2500		5000		2500		0.208864
12000		13000		12000		0.294995
2000		4000		2000		0.217296
2000		2000		2000		0.406542
2000		1000		2000		0.853423
2000		1000		2000		0.208864
2000		1000		2000		0.108545
2000		1000		2000		0.208864
2000		2000		2000		0.512627
2000		2000		2000		0.513874
2000		2000		2000		0.953088
2000		2000		2000		0.821600
2000		3000		2000		0.208864
2000		2000		2000		0.491284
2000		3000		4000		0.208864
2000		1000		2000		0.208864
2000		2000		3000		0.208864
2000		1000		2000		0.208864
2000		1000		2000		0.208864
2000		2000		2000		0.875754
2000		1000		2000		0.273460
2000		1000		2000		0.734450
2000		3000		2000		0.217296
2000		2000		3000		0.174322
2000		1000		2000		0.130112
2000		3000		2000		0.208864
2000		4000		2000		0.208864
2000		3000		2000		0.737385
2000		2000		2000		0.208864
2000		0		2000		0.075301
11200		12000		11200		0.626976
4500		9000		4500		0.208864
3000		6000		3000		0.409424
2000		3000		2000		0.404878
2000		4000		2000		0.443088
2000		1000		2000		0.139906
2000		4000		2000		0.626224
2000		3000		2000		0.325279
2000		1000		2000		0.441741
2500		5000		2500		0.217296
2000		2000		3000		0.112837
2000		2000		2000		0.129893
2000		2000		2000		0.915478
2000		2000		2000		0.217296
2000		1000		2000		0.208864
2000		2000		2000		0.856710
2000		1000		2000		0.311507
2000		1000		2000		0.208864
2000		2000		2000		0.808907
2500		5000		2500		0.208864
2000		3000		2000		0.208864
2000		2000		2000		0.208864
2000		2000		2000		0.208864
2000		2000		3000		0.207778
12000		11000		9000		0.485568
6000		12000		6000		0.217296
4000		8000		4000		0.392064
2000		1000		2000		0.626720
2000		0		2000		0.417792
2000		1000		2000		0.505026
2000		2000		2000		0.626720
2000		1000		2000		0.290111
2000		3000		2000		0.436790
2500		5000		2500		0.644623
2000		2000		2000		0.208864
2000		2000		2000		0.208864
2000		0		2000		0.023215
2000		2000		2000		0.208864
3500		7000		3500		0.217296
2000		3000		2000		0.208864
2000		2000		2000		0.208864
2000		2000		2000		0.208864
2000		1000		2000		0.159392
2000		1000		2000		0.208864
2000		0		2000		0.049714
2000		1000		2000		0.946068
2000		2000		2000		0.626720
12000		13000		10000		0.409488
5500		11000		5500		0.358704
2000		4000		2000		0.638700
2000		1000		2000		0.208864
2000		2000		2000		0.208864
2000		2000		2000		0.208864
2000		3000		2000		0.208864
2000		2000		2000		0.226224
2000		1000		2000		0.208864
2000		1000		2000		0.155375
2000		2000		2000		0.217296
2000		1000		2000		0.208864
2000		1000		2000		0.190337
2000		3000		2000		0.400928
2000		1000		2000		0.208864
3000		6000		3000		0.495017
2000		1000		2000		0.208864
2000		3000		2000		0.208864
2000		1000		2000		0.208864
2000		2000		2000		0.409424
2000		1000		2000		0.098655
2000		3000		2000		0.835648
2000		1000		2000		0.208864
2000		1000		2000		0.478998
2000		2000		2000		0.505033
2000		0		2000		0.120641
2000		3000		2000		0.835648
2000		1000		2000		0.208864
4500		9000		4500		0.477458
2000		4000		2000		0.708973
2000		2000		2000		0.208864
2000		3000		2000		0.637478
2000		1000		2000		0.141007
2000		4000		4000		0.152069
2000		1000		2000		0.093414
2500		5000		3112		0.581307
2000		1000		2000		0.121496
2000		2000		2000		0.208864
2000		1000		2000		0.942575
2000		0		2000		0.098431
3500		7000		3500		0.208864
2000		2000		2000		0.661255
2500		5000		2500		0.208864
2000		1000		2000		0.104385
2000		3000		2000		0.409424
2000		3000		2000		0.842568
2000		2000		2000		0.208864
2000		4000		2000		0.939193
2000		3000		2000		0.742495
2000		4000		2000		0.251584
2000		0		2000		0.125046
5000		10000		5000		0.225728
2000		4000		2000		0.217296
2000		4000		3000		0.166890
2000		2000		2000		0.226166
2000		2000		2000		0.146691
2000		2000		2000		0.208864
2000		2000		2000		0.208864
2000		3000		2000		0.226224
2000		4000		2000		0.417792
2000		2000		2000		0.905060
2000		1000		2000		0.208864
2000		1000		2000		0.214790
2000		1000		2000		0.208864
2000		1000		2000		0.208864
2000		0		2000		0.117190
2000		1000		2000		0.887254
2000		1000		2000		0.208864
2000		2000		2000		0.471439
2000		1000		2000		0.200724
2000		4000		2000		0.418990
2500		5000		2500		0.343640
2000		1000		2000		0.126280
2000		3000		2000		0.208864
2000		4000		2000		0.835648
2000		3000		2000		0.725954
2000		4000		2000		0.208864
2000		1000		2000		0.208864
4500		9000		4500		0.426288
2000		3000		2000		0.217296
2000		3000		2000		0.110838
2000		2000		2000		0.408928
3000		6000		3000		0.434720
2000		4000		2000		0.217296
2000		3000		2000		0.208864
2000		3000		2000		0.857462
2000		2000		2000		0.208864
2000		4000		2000		0.242656
2000		4000		3000		0.163270
2000		3000		2000		0.208864
2000		2000		2000		0.904783
2000		1000		2000		0.172010
2000		3000		2000		0.208864
2000		0		2000		0.098536
2000		4000		2000		0.217296
2000		1000		2000		0.198819
2000		3000		3000		0.208864
2000		2000		3000		0.196716
2000		0		2000		0.078821
2000		0		2000		0.208864
2000		1000		2000		0.208864
2000		1000		2000		0.413482
2000		2000		2000		0.064680
5500		11000		5500		0.375568
2000		3000		2000		0.208864
2000		2000		2000		0.208864
2000		1000		2000		0.180445
2000		2000		2000		0.626720
2000		1000		2000		0.208864
5500		11000		5500		0.092752
3000		6000		3000		0.208864
2000		2000		2000		0.741849
2000		2000		2000		0.208864
2000		4000		2000		0.626720
2000		2000		2000		0.208864
2000		1000		2000		0.208864
2000		1000		2000		0.208864
2000		1000		2000		0.894004
2000		0		2000		0.095888
2000		2000		2000		0.425728
2000		0		2000		0.088645
2000		2000		2000		0.208864
2000		3000		2000		0.208864
2000		3000		2000		0.434592
2500		5000		2500		0.208864
5500		11000		5500		0.652016
2000		2000		2000		0.234032
2000		1000		2000		0.208864
2000		0		2000		0.208864
2000		1000		2000		0.208864
2000		2000		2000		0.471428
2000		0		2000		0.096158
2000		3000		2000		0.341429
2000		4000		2000		0.417792
2000		1000		2000		0.208864
2000		3000		2000		0.208864
2000		2000		2000		0.217296
2000		3000		2000		0.261991
2000		2000		2000		0.835648
2000		1000		2000		0.314990
2000		2000		2000		0.208864
2000		2000		2000		0.217296
2000		1000		2000		0.208864
2000		3000		2000		0.217296
2000		1000		2000		0.859232
2000		1000		2000		0.141936
2000		1000		2000		0.125008
2000		1000		2000		0.835648
2000		0		2000		0.118557
2000		3000		2000		0.409424
2000		1000		2000		0.208864
2000		2000		2000		0.208864
2000		1000		2000		0.208864
2000		1000		2000		0.208864
2000		4000		2000		0.208864
4500		9000		4500		0.409360
2000		4000		4000		0.033664
2000		2000		2000		0.208864
2000		0		2000		0.092559
2000		4000		2000		0.551998
2000		1000		2000		0.137565
2000		2000		2000		0.208864
2000		2000		2000		0.208864
2000		2000		2000		0.208864
2000		2000		2000		0.928510
2000		3000		2000		0.222196
2000		0		2000		0.055049
2000		2000		2000		0.248765
2000		3000		2000		0.208864
2000		1000		2000		0.208864
2000		1000		2000		0.208864
2000		2000		2000		0.208864
2000		1000		2000		0.867911
2000		2000		2000		0.208864
2000		1000		2000		0.208864
2000		4000		2000		0.417792
2000		3000		2000		0.217296
2000		3000		2000		0.208864
2000		1000		2000		0.056493
2000		2000		3000		0.048061
2000		2000		3000		0.104221
2000		4000		2000		0.835584
2000		3000		2000		0.208864
2000		2000		3000		0.415949
2000		1000		2000		0.132084
16800		19000		16800		0.259520
12800		14000		11000		0.599466
2000		4000		5000		0.153308
2000		3000		2000		0.090568
2000		3000		2000		0.417792
2000		1000		2000		0.208864
2000		2000		2000		0.918667
2000		2000		2000		0.609296
2000		2000		2000		0.408455
2000		3000		2000		0.829179
2000		2000		2000		0.208864
3500		7000		3500		0.225728
4000		8000		4000		0.299672
2000		2000		2000		0.747933
2000		2000		3000		0.208864
2000		1000		2000		0.208864
2000		1000		2000		0.208864
2000		3000		3000		0.217296
2000		0		2000		0.051098
2000		3000		2000		0.208864
2000		1000		2000		0.626720
12800		14000		12800		0.225728
4000		8000		4000		0.208864
3000		6000		3000		0.133768
2000		1000		2000		0.086027
2500		5000		2500		0.218715
2000		2000		2000		0.208864
2000		0		2000		0.208864
2000		3000		2000		0.417792
2000		1000		2000		0.208864
2000		3000		2000		0.399266
2000		4000		2000		0.217296
2000		2000		2000		0.217296
2000		4000		3000		0.167087
3000		6000		3000		0.414070
2000		2000		2000		0.409360
2000		2000		2000		0.507445
3000		6000		3000		0.208864
2000		1000		2000		0.208864
2000		4000		2000		0.842952
3500		7000		3500		0.469026
2000		2000		2000		0.208864
2000		4000		2000		0.833435
2000		4000		3000		0.217296
2000		2000		2000		0.208864
2000		0		2000		0.005333
2000		3000		2000		0.217296
2000		1000		2000		0.208864
2000		4000		2000		0.835648
2500		5000		2500		0.225728
2000		0		2000		0.092385
2000		2000		2000		0.429020
2000		1000		2000		0.186074
2000		3000		3000		0.409296
2000		0		2000		0.077730
2000		1000		2000		0.258193
2000		3000		2000		0.618416
2000		1000		2000		0.086633
2000		1000		2000		0.950611
2000		1000		2000		0.208864
2000		1000		2000		0.208864
2000		2000		2000		0.208864
2000		2000		2000		0.835648
2000		1000		2000		0.835152
2000		1000		2000		0.217296
2000		2000		2000		0.208864
2000		2000		2000		0.208864
2000		1000		2000		0.363667
2000		0		2000		0.034000
2000		1000		2000		0.208864
2000		1000		2000		0.208864
16000		19000		16000		0.276384
12800		14000		12800		0.230276
2000		2000		3000		0.082991
2000		4000		5000		0.160867
2000		3000		4000		0.088648
2000		3000		2000		0.217296
2000		1000		2000		0.208864
2000		1000		2000		0.028078
2000		2000		2000		0.269173
2000		2000		2000		0.208864
2000		4000		2000		0.204437
2000		1000		2000		0.208864
2000		2000		3000		0.095642
2000		2000		2000		0.208864
2000		3000		2000		0.225728
2000		2000		3000		0.156719
2000		2000		2000		0.371452
2000		0		2000		0.208864
2000		3000		2000		0.225728
2000		1000		2000		0.208864
2000		3000		2000		0.735380
2000		2000		2000		0.766405
2000		2000		2000		0.208864
2000		1000		2000		0.417792
2000		2000		2000		0.208864
2000		1000		2000		0.208864
12000		14000		12000		0.443216
5000		10000		5000		0.318608
3000		6000		3000		0.390471
2000		1000		2000		0.177394
2000		4000		2000		0.421400
2000		4000		2000		0.208864
2000		4000		2000		0.645687
2000		2000		2000		0.417792
2000		4000		2000		0.208864
2000		2000		2000		0.208864
3000		6000		3000		0.251088
2000		2000		2000		0.208864
2000		1000		2000		0.208864
2000		3000		2000		0.217296
2000		1000		2000		0.208059
2000		4000		2000		0.425620
2000		4000		2000		0.208864
2000		3000		3000		0.190200
2000		2000		2000		0.417856
2000		0		2000		0.208864
12000		13000		12000		0.225728
5000		10000		5000		0.217232
2000		4000		2000		0.835648
2000		3000		2000		0.208864
2000		1000		2000		0.938290
2000		1000		2000		0.208864
2000		4000		2000		0.217296
2000		2000		2000		0.208864
2000		3000		2000		0.497436
3000		6000		3000		0.438771
2000		4000		2000		0.208864
2000		4000		2000		0.208864
3500		7000		4591		0.177646
2000		1000		2000		0.112635
2000		2000		2000		0.426288
2000		2000		2000		0.254564
2000		2000		2000		0.737017
3000		6000		3000		0.459952
2000		2000		2000		0.225728
2000		3000		2000		0.208864
2000		0		2000		0.026395
2000		3000		2000		0.417792
20800		25000		20800		0.502240
16000		19000		16000		0.274448
12800		15000		12800		0.316608
5000		10000		5000		0.222857
2000		1000		2000		0.687528
2000		3000		2000		0.225792
2000		3000		2000		0.835712
2000		1000		2000		0.208864
2000		1000		2000		0.208864
2000		2000		2000		0.626720
2000		0		2000		0.087881
2000		4000		2000		0.861967
2000		1000		2000		0.871231
2000		2000		2000		0.208864
2000		2000		2000		0.948620
2000		2000		2000		0.208864
2000		0		2000		0.117044
2000		2000		2000		0.483502
2000		2000		2000		0.208864
2000		3000		2000		0.208864
2500		5000		2500		0.635088
2000		3000		2000		0.417792
2000		2000		2000		0.949860
12000		13000		12000		0.276384
5000		10000		5000		0.208864
2500		5000		0		0.635152
2000		3000		2000		0.409424
2000		1000		2000		0.128699
2000		4000		3000		0.225664
2000		2000		2000		0.208864
2500		5000		2500		0.400992
2500		5000		2500		0.426288
2000		2000		2000		0.208864
2000		2000		2000		0.195898
3000		6000		3000		0.217232
2000		2000		2000		0.308405
2000		2000		2000		0.208864
2000		0		2000		0.095205
2000		0		2000		0.095205
2000		3000		3000		0.217296
2000		4000		2000		0.199773
2000		1000		2000		0.788327
2000		4000		2000		0.206453
2000		0		2000		0.137778
2000		2000		2000		0.626720
12800		14000		12800		0.582197
2000		4000		2000		0.208864
2000		3000		2000		0.417856
2000		2000		2000		0.208864
2000		1000		2000		0.318209
2000		2000		2000		0.217296
2000		1000		2000		0.208864
2000		1000		2000		0.208864
2000		3000		2000		0.792500
2000		2000		2000		0.208864
2000		1000		2000		0.208864
2000		1000		2000		0.312336
2000		0		2000		0.094976
2000		3000		2000		0.208864
2000		1000		2000		0.789586
2000		2000		2000		0.208864
3000		6000		3000		0.259456
2000		3000		2000		0.141755
2000		2000		2000		0.208864
2000		3000		2000		0.208864
2000		0		2000		0.007944
2000		1000		2000		0.157099
2000		1000		2000		0.204088
2000		2000		2000		0.443662
2000		1000		2000		0.835648
2000		3000		2000		0.217232
2000		1000		2000		0.115144
2000		2000		2000		0.941092
2000		2000		1000		0.217296
5500		11000		5500		0.584560
2000		4000		2000		0.810224
2000		0		2000		0.208864
2000		3000		2000		0.434160
2000		2000		2000		0.417792
2000		2000		2000		0.609360
2000		0		2000		0.208864
2000		0		2000		0.208864
2000		3000		2000		0.417792
2000		4000		2000		0.481080
2000		2000		2000		0.208864
2000		2000		2000		0.409360
2000		2000		2000		0.793408
2000		2000		2000		0.441978
2000		1000		2000		0.208864
2000		1000		2000		0.208864
2000		3000		2000		0.417792
2000		1000		2000		0.409360
2000		1000		2000		0.208864
2000		3000		2000		0.225232
2000		4000		2000		0.417792
2500		5000		2500		0.586376
3500		7000		3500		0.417792
12800		14000		12800		0.468448
5000		10000		5000		0.618352
2500		5000		2500		0.208864
2000		3000		2000		0.217296
2000		1000		2000		0.172483
2000		1000		2000		0.101039
2000		2000		2000		0.875488
2000		2000		2000		0.408928
2000		3000		2000		0.208864
2000		2000		2000		0.208864
2000		0		2000		0.102667
2000		4000		2000		0.451072
2000		2000		2000		0.208864
2000		3000		2000		0.217296
3000		6000		3000		0.625251
2000		3000		2000		0.217296
2000		2000		3000		0.098303
2000		2000		2000		0.409424
2000		2000		2000		0.026473
2000		3000		2000		0.216800
2000		0		2000		0.013081
2000		3000		2000		0.208864
2000		1000		2000		0.075231
2000		3000		2000		0.643584
2000		1000		2000		0.208864
2000		2000		2000		0.208864
4500		9000		4500		0.356912
2000		1000		2000		0.093898
3000		6000		3000		0.434656
2500		5000		2500		0.208864
2000		3000		2000		0.774026
2000		3000		2000		0.945476
3500		7000		3500		0.312827
2000		0		2000		0.028862
2000		0		2000		0.217296
2000		1000		2000		0.208864
2000		2000		2000		0.499747
2000		1000		2000		0.290819
2000		1000		2000		0.208864
2000		0		2000		0.103095
2000		3000		3000		0.105096
2000		3000		2000		0.208864
2000		1000		2000		0.208864
2000		1000		2000		0.403533
2500		5000		2500		0.568655
2000		1000		2000		0.059071
2000		3000		4000		0.165825
2000		2000		2000		0.626720
2000		1000		2000		0.512043
2000		1000		2000		0.208864
2000		1000		2000		0.163265
2000		1000		2000		0.187809
2000		4000		2000		0.648941
5000		10000		5000		0.392432
2000		4000		2000		0.132914
2000		2000		3000		0.179493
2000		2000		2000		0.849086
2000		1000		2000		0.172215
2000		0		2000		0.089505
2000		3000		2000		0.426288
2000		3000		2000		0.392496
2000		3000		3000		0.628828
2000		4000		3000		0.033664
2000		1000		2000		0.208864
2000		1000		2000		0.494708
2000		1000		2000		0.208864
2000		1000		2000		0.208864
2000		0		2000		0.046252
2000		3000		2000		0.849077
2000		3000		2000		0.304302
2000		2000		2000		0.743662
2500		5000		2500		0.786000
3000		6000		3000		0.225728
2000		2000		2000		0.434720
2000		3000		2000		0.926896
2000		0		2000		0.098884
2000		2000		2000		0.939531
2000		1000		2000		0.474941
2000		1000		2000		0.208864
12000		12000		12000		0.417792
5000		10000		5000		0.409424
2000		4000		2000		0.634656
2000		3000		2000		0.208864
2500		5000		4000		0.171594
2000		4000		2000		0.577504
2000		2000		2000		0.419584
2000		2000		2000		0.626720
2000		3000		2000		0.686933
2000		2000		2000		0.835152
2000		2000		2000		0.417792
2000		0		2000		0.299361
2000		1000		2000		0.527515
2000		0		2000		0.110155
2000		1000		2000		0.456596
2000		1000		2000		0.208864
2000		2000		2000		0.217296
3000		6000		3000		0.408251
2000		3000		2000		0.208864
2000		2000		2000		0.425728
2000		1000		2000		0.907891
2000		1000		2000		0.208864
2000		0		2000		0.033598
2000		4000		2000		0.208864
15200		17000		15200		0.324976
12000		11000		12000		0.217296
4500		9000		4500		0.198551
2000		1000		2000		0.053262
2000		3000		2000		0.225728
2000		1000		2000		0.208864
2000		2000		2000		0.626720
2000		1000		2000		0.835648
2000		0		2000		0.097103
2000		3000		2000		0.409424
2000		1000		2000		0.208864
2000		0		2000		0.073182
2000		1000		2000		0.208864
2000		0		2000		0.073182
2500		5000		2500		0.217296
2000		3000		2000		0.208864
2000		4000		3000		0.766548
2000		3000		2000		0.217232
2000		3000		2000		0.376144
2000		2000		2000		0.208864
2000		0		2000		0.208864
2000		1000		0		0.426224
2000		1000		2000		0.175541
2000		3000		2000		0.720249
2000		1000		2000		0.198220
2000		2000		2000		0.208864
2000		2000		2000		0.730216
2000		2000		3000		0.057884
12000		13000		12000		0.476880
5000		10000		5000		9.523420
2000		3000		2000		0.225728
2000		3000		2000		2.121550
2000		1000		2000		0.208864
2000		1000		2000		0.608864
2000		3000		2000		0.208864
3500		7000		3500		0.628811
2000		1000		2000		0.208864
2000		1000		2000		0.208864
2000		2000		2000		0.208864
2000		1000		2000		0.145142
2000		3000		2000		0.448993
2000		2000		2000		0.208864
2000		2000		2000		0.208864
2000		1000		2000		0.878710
2000		2000		2000		0.208864
2000		1000		2000		0.208864
2000		2000		2000		0.208864
2000		2000		2000		0.409360
2000		1000		2000		0.055477
2000		2000		2000		0.425728
2000		3000		3000		0.217296
2000		3000		2000		0.208864
2000		2000		2000		0.208864
4500		9000		4500		0.626912
2000		2000		2000		0.217232
2000		1000		2000		0.061907
2000		3000		4000		0.184978
2000		3000		2000		0.208864
2500		5000		2500		0.831357
2000		3000		2000		0.208864
2000		1000		2000		0.317520
2000		2000		2000		0.835648
2000		1000		2000		0.208864
2000		2000		2000		0.208864
2000		3000		3000		0.033664
2000		1000		2000		0.409360
2000		2000		2000		0.208864
2000		2000		2000		0.208864
2000		1000		2000		0.085443
2000		2000		2000		0.208864
2000		4000		2000		0.217296
3000		6000		3000		0.632670
2000		2000		2000		0.208864
2000		0		2000		0.031617
2500		5000		4000		0.217296
2500		5000		2500		0.434656
2000		0		2000		0.083618
12000		13000		8000		0.477008
5500		11000		5500		0.234224
2000		4000		3000		7.890800
2000		1000		2000		0.208864
2000		4000		2000		1.044640
2000		1000		2000		0.626720
2000		3000		2000		0.771442
2000		4000		2000		0.225728
2000		1000		2000		0.113158
2000		3000		2000		0.208864
2000		1000		2000		0.208864
2000		1000		2000		0.208864
2000		0		2000		0.130337
2000		1000		2000		0.452737
2000		1000		2000		0.835648
2000		1000		2000		0.208864
2000		2000		2000		0.208864
2500		5000		2500		0.553694
2000		3000		2000		0.225792
2000		4000		2000		0.426288
2000		2000		2000		0.208864
2000		3000		3000		0.323840
2000		1000		2000		0.208864
2000		3000		2000		0.208864
2000		0		2000		0.022218
2000		2000		2000		0.208864
2000		0		2000		0.052714
2000		1000		2000		0.818271
2000		2000		2000		0.208864
5000		10000		5000		0.434784
2000		4000		2000		0.417856
2000		4000		2000		0.208864
2500		5000		2500		0.401637
2000		4000		2000		0.733094
2000		1000		2000		0.068590
2000		2000		2000		0.208864
2000		2000		2000		0.324223
2000		2000		2000		0.678436
2000		4000		3000		0.266574
2000		2000		3000		0.097535
3000		6000		3000		0.205551
2000		3000		4000		0.133983
2000		1000		2000		0.208864
2000		0		2000		0.095491
2000		3000		2000		0.225856
2000		1000		2000		0.096296
2000		0		2000		0.104856
2000		2000		2000		0.208864
2000		0		2000		0.009196
2000		3000		3000		0.217296
2000		0		2000		0.208864
2000		3000		2000		0.217296
2000		2000		2000		0.417792
12000		12000		11000		0.669136
5500		11000		5500		0.237710
2000		4000		2000		0.208864
2000		4000		3000		0.225664
2000		1000		2000		0.721161
2000		4000		3000		0.121397
2000		2000		3000		0.170541
2000		2000		2000		0.208864
2000		2000		2000		0.208864
2000		2000		2000		0.744934
2000		3000		3000		0.217296
2000		2000		2000		0.600368
2000		3000		0		0.426288
2000		2000		2000		0.208864
2000		3000		2000		0.208864
2000		2000		2000		0.821227
2000		2000		2000		0.208864
2000		4000		4000		0.202116
2000		2000		3000		0.136074
2000		1000		2000		0.208864
2000		1000		2000		0.686879
2000		3000		2000		0.626720
2000		1000		2000		0.133321
12000		13000		12000		0.322048
2000		3000		4000		0.011767
2500		5000		3112		0.401956
2000		2000		2000		0.208864
2000		1000		2000		0.208864
2000		4000		2000		0.773755
2000		3000		2000		0.160831
2000		1000		2000		0.208864
2000		3000		3000		0.308879
2000		3000		4000		0.217296
2000		3000		2000		0.524878
2000		1000		2000		0.906807
2000		0		2000		0.208864
2000		2000		2000		0.835648
2000		1000		2000		0.208864
2000		3000		3000		0.217296
2000		1000		2000		0.208864
2000		0		2000		0.102587
2000		3000		2000		0.635152
2000		1000		2000		0.924772
2000		4000		2000		0.208864
2000		3000		2000		0.741473
2000		1000		2000		0.145535
2500		5000		2500		0.208864
13600		15000		13600		0.434656
5500		11000		5500		0.208864
2000		4000		2000		0.208864
2000		0		2000		0.034233
2000		2000		2000		0.254714
2000		2000		2000		0.609296
2500		5000		2500		0.417792
2500		5000		2500		0.208864
2000		1000		2000		0.220217
2000		3000		2000		0.217296
2000		2000		2000		0.208864
2000		1000		2000		0.208864
2000		3000		2000		0.208864
2000		3000		2000		0.400928
2000		1000		2000		0.208864
2000		2000		3000		0.151363
2000		2000		3000		0.112955
2000		0		2000		0.065591
2000		1000		2000		0.208864
2000		3000		2000		0.208864
2000		1000		2000		0.208864
2000		1000		2000		0.505695
2000		2000		2000		0.208864
2000		1000		2000		0.208864
2000		4000		2000		0.934198
2000		4000		2000		0.208864
5000		10000		5000		0.626848
2000		4000		2000		0.626720
2000		2000		2000		6.005060
2000		4000		2000		0.217296
2000		1000		2000		1.445630
2000		1000		2000		0.208864
2000		3000		4000		0.217296
2000		1000		2000		0.208864
2000		2000		2000		0.409424
2000		0		2000		0.099004
3000		6000		3000		0.276448
2000		2000		2000		0.367634
2000		0		2000		0.013224
2000		1000		2000		0.773342
2500		5000		2500		0.217232
2000		3000		2000		0.634656
2000		2000		2000		0.208864
2000		1000		2000		0.208864
2500		5000		2500		0.779525
2000		3000		2000		0.216800
2000		1000		2000		0.325252
2000		2000		2000		0.208864
2000		2000		2000		0.208864
2000		2000		2000		0.919993
2000		2000		2000		0.409360
2000		4000		2000		0.740950
2000		3000		2000		0.217296
5000		10000		5000		0.426288
2000		4000		2000		0.208864
4000		8000		4000		0.217296
2000		2000		3000		0.080796
2000		1000		2000		0.073364
2500		5000		2500		0.191607
3500		7000		3500		0.417296
2000		2000		2000		0.208864
2000		2000		2000		0.326203
2500		5000		2500		0.353303
2000		3000		2000		0.851727
2000		2000		2000		0.305591
2000		2000		2000		0.348900
2000		2000		3000		0.033455
2000		4000		2000		0.217296
2000		4000		3000		0.033664
2000		1000		2000		0.208864
5500		11000		5500		0.434784
2000		2000		2000		0.409360
2000		3000		2000		0.208864
2000		3000		3000		0.033664
2000		1000		2000		2.531650
2000		1000		2000		0.208864
2000		2000		2000		0.208864
2000		3000		2000		0.763256
2000		2000		2000		0.875282
2000		1000		2000		0.408864
2000		1000		2000		0.208864
2000		0		2000		0.114718
2000		1000		2000		0.208864
2000		2000		2000		0.394753
2000		2000		2000		0.208864
2000		2000		2000		0.871067
2000		2000		2000		0.626720
2000		2000		2000		0.208864
2000		3000		2000		0.216800
2000		2000		2000		0.390926
2000		3000		2000		0.515961
2000		3000		2000		0.208864
2000		3000		2000		0.216800
2000		1000		2000		0.108076
2000		4000		2000		0.636444
2000		2000		2000		0.828115
2000		2000		2000		0.725071
2500		5000		2500		0.358254
2000		1000		2000		0.408864
2000		2000		2000		0.208864
5000		10000		5000		0.217232
2000		3000		2000		0.639306
2000		1000		2000		0.395366
2000		1000		2000		0.208864
2000		3000		2000		0.910400
2000		2000		2000		0.417792
2500		5000		2500		0.251152
2000		4000		2000		0.208864
2000		1000		2000		0.208864
2000		1000		2000		0.417792
2000		1000		2000		0.208864
2000		1000		2000		0.208864
2000		2000		2000		0.208864
2000		2000		2000		0.208864
2000		3000		2000		0.409360
2000		1000		2000		0.208864
2000		0		2000		0.028193
2000		2000		2000		0.208864
2500		5000		2500		0.425728
2000		3000		2000		0.208864
2000		3000		2000		0.614004
2000		3000		2000		0.208864
2000		1000		2000		0.089557
2000		1000		2000		0.208864
2000		2000		2000		0.208864
2000		1000		2000		0.363820
2000		4000		2000		0.208864
4000		8000		4000		0.365344
2000		0		2000		0.130239
2000		3000		2000		0.695696
2000		2000		3000		0.043680
2000		3000		2000		0.208864
2000		2000		2000		0.444615
2000		3000		2000		0.516302
2000		1000		2000		0.208864
2000		1000		2000		0.497019
2000		4000		3000		0.217296
2000		0		2000		0.132647
2500		5000		3112		0.225728
2000		3000		2000		0.217232
2000		3000		2000		0.208864
2000		1000		2000		0.208864
2000		1000		2000		0.132375
2000		1000		2000		0.208864
2000		1000		2000		0.924387
15200		17000		15200		0.341840
12000		11000		12000		0.417856
5500		11000		7000		0.200432
2000		4000		2000		0.208864
2000		1000		2000		0.053766
2500		5000		2500		0.408864
2000		4000		2000		0.208864
2500		5000		2500		0.781392
2000		2000		2000		0.208864
2000		1000		2000		0.426224
2000		0		2000		0.037157
2000		1000		2000		0.168790
2000		1000		2000		0.135382
2000		3000		3000		0.033664
2000		2000		2000		0.208864
2000		3000		2000		0.234886
2000		1000		2000		0.017525
2000		4000		2000		0.208864
2000		0		2000		0.191376
2000		2000		2000		0.208864
2000		3000		2000		0.217296
2000		1000		2000		0.347183
2000		2000		2000		0.943935
4500		9000		4500		0.720178
2000		2000		2000		0.208864
2000		1000		2000		0.663337
2000		1000		2000		0.132002
2000		4000		2000		0.208864
2000		1000		2000		0.015422
2000		4000		2000		0.208864
2000		3000		2000		0.208864
2000		1000		2000		0.721431
2000		3000		2000		0.265069
3000		6000		3000		0.208864
2000		0		2000		0.001701
2000		3000		2000		0.425664
2000		1000		2000		0.176347
2000		1000		2000		0.174355
2000		4000		2000		0.635152
2000		2000		2000		0.694465
2000		3000		2000		0.731433
2000		1000		2000		0.268593
2000		1000		2000		0.169419
2000		1000		2000		0.411839
2000		3000		3000		0.217296
2000		1000		2000		0.835648
2000		2000		2000		0.835648
2000		0		2000		0.089659
2000		3000		2000		0.208864
2000		1000		2000		0.208864
2000		2000		2000		0.208864
4500		9000		4500		0.400992
2500		5000		2500		0.217296
2000		1000		2000		0.417792
2000		1000		2000		0.290420
2000		1000		2000		0.256395
2000		0		2000		0.082414
2000		2000		2000		0.208864
2000		4000		2000		0.217296
2000		3000		2000		0.208864
4000		8000		4000		0.400992
2000		4000		2000		0.409424
2000		1000		2000		0.835648
2000		4000		2000		0.417792
2000		3000		2000		0.217296
2000		3000		2000		0.208864
2000		0		2000		0.048123
3500		7000		3500		0.414200
2000		2000		2000		0.450605
2000		2000		3000		0.208864
2000		2000		2000		0.208864
2000		2000		2000		0.359312
23200		27000		18000		0.487312
18400		22000		18400		0.350141
2500		5000		2500		0.259520
2000		2000		2000		0.208864
2000		1000		2000		0.079258
2000		2000		2000		0.208864
2000		3000		2000		0.208864
2000		2000		2000		0.417792
2000		2000		2000		0.392496
2000		1000		2000		0.208864
2000		1000		2000		0.835648
2000		2000		2000		0.940765
2000		2000		2000		0.945191
2000		0		2000		0.109988
2000		4000		3000		0.352153
2500		5000		3000		0.217296
2000		4000		2000		0.208864
5000		10000		5000		0.680015
2000		2000		2000		0.187410
2000		3000		2000		0.370075
2000		3000		2000		0.253297
2000		4000		3000		0.217296
2000		0		2000		0.028900
2000		3000		2000		0.208864
2000		4000		2000		0.735146
2000		3000		2000		0.683980
2000		3000		2000		0.260441
2000		1000		2000		0.096172
2000		1000		2000		0.069427
2000		2000		2000		0.208864
2000		1000		2000		0.114112
2000		4000		2000		0.902454
2000		2000		2000		0.409424
2000		2000		2000		0.945158
2000		1000		2000		0.255583
2000		0		2000		0.217296
2000		2000		2000		0.408928
2000		3000		3000		0.290329
2000		4000		2000		0.217296
2000		0		2000		0.061424
2000		2000		2000		0.521010
3000		6000		3000		0.651839
5500		11000		5500		0.409360
2000		3000		2000		0.217296
2000		1000		2000		0.200266
2000		2000		2000		0.208864
2000		2000		2000		0.151347
3500		7000		3500		0.208864
2000		3000		2000		0.691462
2000		1000		2000		0.095228
2000		2000		2000		0.877216
2000		1000		2000		0.208864
2000		1000		2000		0.125362
2000		1000		2000		0.208864
2000		4000		2000		0.464298
2000		0		2000		0.150906
2000		4000		2000		0.208864
2000		2000		2000		0.208864
2000		3000		2000		0.850569
2000		2000		2000		0.208864
2000		1000		2000		0.122855
2000		1000		2000		0.208864
2000		2000		2000		0.208864
2000		2000		2000		0.409424
2000		2000		2000		0.208864
2000		4000		2000		0.208864
2000		1000		2000		0.121697
5500		11000		5500		0.400928
2000		3000		2000		0.632868
2000		3000		2000		0.216800
2000		2000		2000		0.767222
2000		3000		2000		0.434160
2000		2000		2000		0.626720
2000		2000		2000		0.208864
2000		1000		2000		0.208864
2500		5000		2500		0.643088
2000		4000		2000		0.208864
2000		2000		2000		0.208864
2000		0		2000		0.081593
2000		3000		2000		0.843584
2000		0		2000		0.068205
2000		1000		2000		0.046716
2000		2000		2000		0.208864
2000		2000		2000		0.857129
2000		4000		2000		0.635088
2000		2000		2000		0.208864
2000		4000		2000		0.635152
2000		4000		2000		0.634656
2000		1000		2000		0.180504
2500		5000		2500		0.626656
2500		5000		2500		0.234096
2000		0		2000		0.093636
2000		0		2000		0.208864
12800		15000		12000		0.576320
5000		10000		6000		0.149712
2000		4000		2000		0.485750
2000		1000		2000		0.067182
2000		1000		2000		0.112249
2000		3000		2000		0.635152
2000		3000		2000		0.217296
2000		1000		2000		0.150935
2000		3000		2000		0.196512
2000		2000		2000		0.208864
2000		2000		2000		0.208864
2000		3000		2000		0.236893
2000		2000		2000		0.167291
2000		2000		2000		0.208864
2000		3000		2000		0.392496
2000		4000		3000		0.217296
2000		2000		2000		0.208864
2000		2000		2000		0.208864
2000		2000		2000		0.609296
2000		1000		2000		0.208864
2000		1000		2000		0.884111
2000		1000		2000		0.626720
2000		4000		2000		0.626720
2000		2000		2000		0.491264
2000		0		2000		0.060072
2000		2000		2000		0.609296
2000		1000		2000		0.942740
2000		1000		2000		0.208864
2000		0		2000		0.007415
2000		4000		2000		0.417856
11200		12000		11200		0.208864
5000		10000		5000		0.426288
2000		3000		2000		0.208864
2000		2000		2000		0.208864
2000		1000		2000		0.208864
2000		1000		2000		0.506852
2000		3000		3000		0.409296
2000		1000		2000		0.208864
2000		2000		2000		0.217296
2000		1000		2000		0.180195
2000		4000		3000		0.134706
2000		2000		2000		0.777513
2000		1000		2000		0.712091
2000		4000		2000		0.208864
2000		2000		2000		0.418108
2000		4000		2000		0.383568
2000		1000		2000		0.208864
2000		3000		2000		0.208864
2000		1000		2000		0.208864
2000		0		2000		0.208864
2000		0		2000		0.096074
2000		2000		2000		0.208864
2000		4000		3000		0.033664
2000		2000		2000		0.208864
2000		0		2000		0.091540
2000		1000		2000		0.208864
2000		1000		2000		0.208864
2000		2000		2000		0.208864
2000		2000		2000		0.462638
2000		2000		2000		0.417856
4500		9000		4000		0.400992
2500		5000		2500		0.843584
2000		4000		2000		0.417792
2000		1000		2000		0.148834
2000		3000		2000		0.208864
2000		3000		2000		0.675300
2000		3000		3000		0.217296
2000		3000		2000		0.780355
2000		3000		3000		0.217296
2000		1000		2000		0.409360
2000		0		2000		0.017210
2000		1000		2000		0.835648
2000		4000		2000		0.216864
2000		1000		2000		0.208864
2500		5000		2500		0.208864
2000		2000		2000		0.208864
2500		5000		2500		0.208864
2000		3000		2000		0.208864
2500		5000		2500		0.208864
2000		1000		2000		0.053013
2000		0		2000		0.006169
12000		13000		10000		0.626848
5500		11000		5500		0.259520
3000		6000		3000		0.293504
2000		2000		2000		0.208864
2000		3000		2000		0.652979
2000		3000		2000		0.555825
2000		2000		2000		0.208864
2000		0		2000		0.102903
2000		4000		2000		0.208864
2000		1000		2000		0.404711
2000		0		2000		0.179801
2000		2000		2000		0.208864
2000		2000		3000		0.479451
3000		6000		3000		0.217296
3500		7000		3500		0.620944
2000		4000		2000		0.668528
2000		1000		2000		0.177786
2000		2000		2000		0.809639
2000		2000		2000		0.208864
2500		5000		2500		0.409424
4000		8000		4000		0.365344
2000		1000		2000		0.102834
2000		4000		2000		0.208864
2000		2000		3000		0.170504
2000		1000		2000		0.208864
2000		1000		2000		0.168137
2000		1000		2000		0.131935
2000		3000		2000		0.417792
2500		5000		2500		0.417856
2000		3000		2000		0.216800
2000		1000		2000		0.208864
2000		2000		2000		0.497497
2000		3000		2000		0.471202
3500		7000		3500		0.217296
2000		4000		2000		0.757750
2000		2000		2000		0.208864
2000		0		2000		0.217296
2500		5000		2500		0.234096
2000		3000		2000		0.254643
2000		2000		2000		0.208864
2000		2000		2000		0.208864
2000		1000		2000		0.208864
2000		1000		2000		0.126798
2000		4000		2000		0.217296
2000		2000		2000		0.208864
17600		20000		17000		0.401120
13600		14000		13600		0.316608
11200		12000		11200		0.192075
2500		5000		2500		0.409424
2000		3000		2000		0.300309
2000		2000		2000		0.752604
2000		2000		2000		0.081425
2000		0		2000		0.080607
2000		2000		2000		0.506287
2000		2000		2000		0.208864
2000		1000		2000		0.208864
2000		0		2000		0.097936
2000		1000		2000		0.835648
2000		2000		2000		0.208864
2000		2000		2000		0.409424
2000		0		2000		0.062969
2000		1000		2000		0.233408
2000		1000		2000		0.153559
2500		5000		2500		0.544298
2000		1000		2000		0.335306
2500		5000		2500		0.140695
2000		4000		2000		0.814926
2000		2000		2000		0.208864
18400		21000		18400		0.417856
14400		16000		14400		0.234224
11200		12000		11200		0.208864
5000		10000		5000		0.208864
2000		4000		2000		0.208864
2000		1000		2000		0.417792
2000		1000		2000		0.208864
2000		0		2000		0.142978
2000		1000		2000		0.208864
2000		3000		2000		0.208864
2000		1000		2000		0.125520
2000		2000		2000		0.208864
2000		1000		2000		0.208864
2000		1000		2000		0.208864
2000		2000		2000		0.425728
2000		0		2000		0.109531
2500		5000		2500		0.856759
2000		3000		2000		0.217296
2500		5000		2500		0.217296
2000		4000		2000		0.693813
2000		1000		2000		0.217296
2000		2000		2000		0.208864
2000		1000		2000		0.208864
2000		1000		2000		0.253332
2000		2000		2000		0.208864
2000		2000		2000		0.860249
14400		16000		14400		0.259392
11200		11000		11200		0.208864
5000		10000		5000		0.217232
2000		4000		2000		0.617792
2000		1000		2000		0.208864
2000		3000		2000		0.434160
2000		0		2000		0.038351
2000		1000		2000		0.217296
2000		2000		2000		0.208864
2500		5000		2500		0.907442
2000		3000		4000		0.033664
2000		0		2000		0.084242
2000		1000		2000		0.208864
2000		0		2000		0.047461
2000		2000		3000		0.197438
2000		2000		2000		0.208864
2000		3000		2000		0.208864
2000		2000		2000		0.208864
2000		2000		2000		0.208864
2000		2000		2000		0.208864
2000		2000		2000		0.208864
2000		1000		2000		0.208864
2000		1000		2000		0.208864
2000		2000		2000		0.208864
2000		1000		2000		0.208864
2000		1000		2000		0.208864
2000		0		2000		0.131691
2000		1000		2000		0.208864
2000		3000		3000		0.163184
11200		12000		11200		0.443152
5000		10000		5000		0.618416
2000		4000		2000		0.417792
2000		2000		2000		0.208864
2000		1000		2000		0.208864
2000		3000		4000		0.136652
2000		1000		2000		0.426224
2000		1000		2000		0.208864
2000		1000		2000		0.687728
2000		3000		2000		0.519577
2000		2000		3000		0.208864
2000		2000		2000		0.833561
2000		1000		2000		0.835648
2000		2000		2000		0.609296
2000		1000		2000		0.901805
2000		1000		2000		0.954257
2000		0		2000		0.110113
2000		2000		2000		0.626720
2500		5000		2500		0.879291
2000		1000		2000		0.208864
3000		6000		3000		0.242656
2000		2000		3000		0.015174
2000		2000		2000		0.891070
4000		8000		4000		0.348416
2000		0		2000		0.208864
2000		0		2000		0.003248
2000		0		2000		0.035675
3000		6000		3000		0.521068
2000		0		2000		0.095566
2000		1000		2000		0.177816
2000		2000		2000		0.208864
2000		2000		3000		0.173562
2500		5000		2500		0.208864
2000		3000		2000		0.208864
2000		4000		2000		0.690177
2000		2000		2000		0.179982
2000		3000		2000		0.367088
2000		2000		2000		0.208864
2000		3000		2000		0.208864
2000		2000		3000		0.299384
2000		1000		2000		0.208864
2000		2000		2000		0.904290
2000		1000		2000		0.291075
2000		1000		2000		0.208864
2000		1000		2000		0.208864
15200		17000		15200		0.242528
12000		13000		12000		0.231174
3500		7000		3500		0.208864
2000		2000		2000		0.225728
2000		1000		2000		0.110715
2000		0		2000		0.125768
2000		2000		2000		0.876432
2000		2000		2000		0.208864
2000		1000		2000		0.208864
2000		1000		2000		0.202802
2500		5000		2500		0.208864
2500		5000		2500		0.417792
2000		1000		2000		0.208864
2000		3000		2000		0.217232
2500		5000		2500		0.928895
2000		1000		2000		0.208864
2000		1000		2000		0.486108
2000		4000		2000		0.788170
2000		2000		2000		0.170101
2000		1000		2000		0.417792
2000		0		2000		0.074355
2000		3000		2000		0.208864
2000		1000		2000		0.449812
2000		3000		2000		0.208864
20800		22000		20800		0.191902
3000		6000		3000		0.720082
2000		1000		2000		0.208864
2000		1000		2000		0.883782
2000		1000		2000		0.803196
2000		1000		2000		0.208864
2000		1000		2000		0.208864
2000		3000		2000		0.217296
2000		2000		2000		0.524500
2000		1000		2000		0.321792
2000		2000		2000		0.208864
2000		3000		2000		0.400928
2000		1000		2000		0.180043
2500		5000		2500		0.326421
2000		4000		2000		0.217296
2000		1000		2000		0.166307
2000		3000		2000		0.444939
2000		2000		2000		0.208864
2000		2000		3000		0.494021
2000		1000		2000		0.208864
2000		2000		2000		0.208864
2000		2000		2000		0.268902
2000		2000		2000		0.208864
2000		4000		2000		0.417856
2000		1000		2000		0.205794
2000		2000		2000		0.417792
2000		1000		2000		0.626720
12800		14000		12800		0.542400
5000		10000		5000		0.511859
2000		3000		2000		0.434720
2000		2000		2000		0.208864
2000		2000		2000		0.208864
2000		0		2000		0.076523
2000		4000		2000		0.783535
2000		2000		2000		0.208864
2000		1000		2000		0.208864
2500		5000		2500		0.618224
2000		2000		2000		0.208864
2000		0		2000		0.208864
2000		3000		2000		0.208864
2000		1000		2000		0.208864
2000		4000		3000		0.363618
2000		1000		2000		0.089127
2500		5000		2500		0.225728
2000		3000		2000		0.633189
2000		1000		2000		0.180125
2000		3000		3000		0.184476
2000		2000		2000		0.108314
2000		3000		2000		0.171373
2500		5000		3250		0.108968
12000		14000		12000		0.468576
5500		11000		5500		0.419603
2000		1000		2000		0.200629
2000		2000		2000		0.208864
3000		6000		3000		0.426224
3500		7000		5273		0.182211
2500		5000		2500		0.417856
2000		1000		2000		0.206836
2000		2000		2000		0.208864
2000		2000		2000		0.409424
2000		0		2000		0.170192
2500		5000		2500		0.618224
2000		4000		2000		0.208864
2000		1000		2000		0.208864
2000		1000		2000		0.303879
2000		3000		2000		0.751355
2000		2000		2000		0.387039
2000		1000		2000		0.208864
11200		13000		11000		0.251088
4500		9000		4500		0.417856
2000		3000		3000		0.342833
2000		1000		2000		0.208864
2000		4000		2000		0.913385
2000		3000		2000		0.408928
2000		1000		2000		0.208864
2000		1000		2000		0.307265
2000		1000		2000		0.203183
2000		2000		2000		0.928797
2000		1000		2000		0.208864
2000		1000		2000		0.949238
2000		1000		2000		0.456008
2000		2000		2000		0.864622
2000		2000		2000		0.208864
2000		2000		2000		0.409360
2000		1000		2000		0.886475
2000		2000		2000		0.626720
2000		1000		2000		0.208864
3000		6000		3000		0.613793
2000		3000		2000		0.208864
2000		1000		2000		0.208864
2000		1000		2000		0.908054
2000		2000		2000		0.208864
2000		2000		2000		0.217296
2000		1000		2000		0.208864
2000		3000		2000		0.208864
12800		13000		12000		0.375568
5000		10000		5000		0.400928
2000		3000		2000		0.180030
2000		4000		2000		0.208864
2000		2000		2000		0.417792
2000		2000		2000		0.208864
2000		0		2000		0.036921
2000		1000		2000		0.473629
2000		1000		2000		0.199938
2000		0		2000		0.072903
2000		4000		2000		0.400864
2500		5000		2500		0.217232
2000		0		2000		0.051331
2000		1000		2000		0.155255
2000		3000		2000		0.590346
2000		2000		2000		0.208864
2000		3000		2000		0.626224
3000		6000		3000		0.634592
2000		1000		2000		0.208864
2000		3000		2000		0.764790
2000		1000		2000		0.208864
2000		2000		2000		0.208864
2000		3000		2000		0.700589
2000		3000		2000		0.208864
16000		19000		16000		0.259520
12800		14000		12800		0.242528
5500		11000		5500		0.275349
2000		1000		2000		0.208864
2000		1000		2000		0.208864
2000		1000		2000		0.208864
2000		3000		2000		0.834227
2000		0		2000		0.161687
2000		1000		2000		0.125874
2000		2000		2000		0.766131
2000		1000		2000		0.020572
2000		4000		2000		0.643628
2000		2000		2000		0.208864
2000		1000		2000		0.208864
2000		3000		2000		0.225728
2000		2000		2000		0.861711
2000		3000		2000		0.379722
2000		1000		2000		0.835648
2000		1000		2000		0.208864
2000		2000		2000		0.940257
2000		1000		2000		0.939217
2000		2000		2000		0.522675
2000		1000		2000		0.208864
2000		2000		2000		0.208864
2000		1000		2000		0.879793
2000		2000		2000		0.208864
2000		1000		2000		0.937023
2000		2000		2000		0.208864
2000		3000		2000		0.208864
24000		28000		24000		0.386064
19200		23000		19200		2.010070
2000		3000		2000		0.217232
2000		0		2000		0.205274
2000		2000		2000		0.225792
2000		1000		2000		0.960695
2000		0		2000		0.208864
2000		2000		2000		0.208864
2000		1000		2000		0.887421
2000		1000		2000		0.208864
2000		2000		2000		0.217296
2000		2000		2000		0.873389
3000		6000		3000		0.400992
2000		2000		2000		0.208864
2000		0		2000		0.035755
2000		3000		4000		0.159779
2000		4000		2000		0.660054
3000		6000		3000		0.146153
2000		2000		2000		0.271887
16000		19000		16000		0.645806
4000		8000		5539		0.170275
2000		2000		2000		0.208864
2000		3000		2000		0.786128
2000		2000		2000		0.683716
2000		1000		2000		0.208864
2000		2000		2000		0.208864
2000		2000		2000		0.452916
2000		1000		2000		0.149762
2000		1000		2000		0.125490
2000		2000		2000		0.208864
2000		0		2000		0.022242
2000		1000		2000		0.208864
2000		3000		4000		0.217232
2000		2000		2000		0.208864
2000		2000		2000		0.226224
2000		1000		2000		0.208864
2000		1000		2000		0.174497
2000		1000		2000		0.208864
2000		3000		2000		0.417296
2000		1000		2000		0.208864
2000		1000		2000		0.113897
2000		0		2000		0.208864
2000		2000		2000		0.208864
2000		0		2000		0.061692
2000		1000		2000		0.085056
2000		1000		2000		0.258752
2000		1000		2000		0.208864
2000		4000		2000		0.208864
5500		11000		5500		0.399216
2000		2000		2000		0.799541
2000		2000		2000		0.208864
2000		2000		2000		0.208864
2000		0		2000		0.059485
2000		4000		2000		0.208864
2000		3000		2000		0.791633
2000		2000		2000		0.947984
2000		2000		2000		0.835648
2000		0		2000		0.069465
2000		3000		2000		0.225728
2000		1000		2000		0.208864
2000		2000		2000		0.420381
2000		0		2000		0.002525
2000		1000		2000		0.426224
2000		2000		2000		0.208864
2000		4000		2000		0.264685
2000		3000		2000		0.208864
2000		1000		2000		0.115692
2000		2000		2000		0.208864
2000		1000		2000		0.208864
2000		4000		3000		0.033664
2000		3000		2000		0.726429
2000		0		2000		0.082781
2000		4000		2000		0.409424
4500		9000		4500		0.635280
2000		2000		2000		0.409360
2000		3000		2000		0.682514
2000		3000		2000		0.208864
2000		0		2000		0.090051
2000		4000		2000		0.208864
2000		2000		2000		0.208864
2000		2000		3000		0.019130
2000		4000		2000		0.208864
3000		6000		3000		0.159808
2000		3000		4000		0.033664
2000		4000		2000		0.409360
2000		1000		2000		0.082429
2000		3000		2000		0.217232
2000		3000		2000		0.333580
2000		2000		2000		0.208864
2000		1000		2000		0.123278
2000		2000		2000		0.377257
2000		2000		2000		0.835712
2000		3000		2000		0.861622
2000		2000		2000		0.208864
2000		2000		2000		0.208864
2000		3000		2000		0.208864
4500		9000		4500		0.720114
3000		6000		3000		0.208864
2500		5000		2500		0.459543
2000		1000		2000		0.133091
2000		2000		2000		0.820721
2000		0		2000		0.208864
2000		3000		2000		0.208864
2000		1000		2000		0.294755
2000		2000		3000		0.208864
2000		0		2000		0.070739
2000		1000		2000		0.208864
2000		2000		2000		0.225792
2000		4000		2000		0.208864
2000		1000		2000		0.208864
2000		0		2000		0.128973
2000		3000		2000		0.208864
2000		4000		2000		0.409360
2000		1000		2000		0.208864
2000		1000		2000		0.208864
2000		1000		2000		0.208864
2000		2000		2000		0.208864
2000		2000		2000		0.208864
2000		3000		2000		0.217296
2000		3000		2000		0.635152
12800		14000		12800		0.276384
5000		10000		5000		0.367136
4000		8000		4000		0.626656
2000		4000		2000		0.409424
2000		1000		2000		0.208864
2000		2000		2000		0.909568
2000		1000		2000		0.208864
2000		0		2000		0.075634
2000		4000		2000		0.609360
2000		1000		2000		0.217296
2000		2000		2000		0.208864
2000		1000		2000		0.208864
2000		0		2000		0.103457
2000		0		2000		0.097053
2000		0		2000		0.051208
2000		0		2000		0.042712
2000		1000		2000		0.265590
2000		3000		2000		0.208864
2000		2000		3000		0.090612
2000		3000		2000		0.692473
2000		3000		2000		0.208864
2000		2000		2000		0.208864
2000		2000		2000		0.208864
2000		4000		2000		0.335209
2000		3000		4000		0.183502
2000		1000		2000		0.208864
2000		4000		2000		0.208864
2000		1000		2000		0.208864
11200		12000		11200		0.208864
4500		9000		4500		0.208864
2000		3000		2000		0.679523
2000		4000		2000		0.208864
2000		1000		2000		0.203830
2000		3000		2000		0.413190
2000		1000		2000		0.170020
2000		4000		2000		0.626720
2500		5000		2500		0.409424
2000		1000		2000		0.219614
2000		2000		2000		0.438637
2000		1000		2000		0.310437
2500		5000		2500		0.722961
2000		3000		2000		0.409424
2000		2000		3000		0.208864
2000		2000		2000		0.448879
2000		3000		2000		0.493651
2000		0		2000		0.050717
2000		2000		2000		0.208864
2000		1000		2000		0.462273
2000		1000		2000		0.155402
2000		4000		2000		0.217296
2000		4000		2000		0.409424
2000		1000		2000		0.208864
5000		10000		5000		0.217232
2000		2000		2000		0.425792
2000		1000		2000		1.253440
2000		2000		2000		1.044700
2500		5000		2500		0.719439
2000		1000		2000		0.208864
2000		2000		2000		0.208864
2000		3000		2000		0.216800
2000		4000		2000		0.409424
2000		4000		2000		0.208864
2000		4000		3000		0.137907
2000		2000		2000		0.208864
2500		5000		2500		0.400864
2000		4000		2000		0.208864
2000		3000		2000		0.643520
2000		2000		2000		0.208864
2000		1000		2000		0.208864
2000		2000		2000		0.208864
2000		1000		2000		0.208864
2000		0		2000		0.068408
2000		2000		2000		0.409360
2000		3000		2000		0.216800
4500		9000		4500		0.635280
2000		2000		2000		0.148110
2000		2000		2000		0.782436
2000		3000		2000		0.626720
2000		2000		2000		0.626720
2000		3000		2000		0.208864
2000		1000		2000		0.409360
2000		3000		3000		0.332433
2000		1000		2000		0.027208
2000		2000		2000		0.310454
2000		3000		2000		0.643635
2000		2000		2000		0.286922
2000		2000		2000		0.208864
2000		3000		2000		0.199902
2000		2000		2000		0.450510
2000		0		2000		0.024222
2000		3000		2000		0.217296
2000		3000		3000		0.217296
2000		0		2000		0.089341
2000		1000		2000		0.903410
2000		1000		2000		0.208864
2000		1000		2000		0.122926
2000		1000		2000		0.144838
2000		0		2000		0.007557
2000		0		2000		0.072931
2000		1000		2000		0.181517
2000		2000		2000		0.208864
2000		1000		2000		0.177471
2000		2000		2000		0.845042
2000		2000		2000		0.474143
