ssthresh	bytesInFlight	cWndAtTheEnd	TimeSpentInRecovery
7000		14000		3000		0.584624
3000		6000		3000		0.620800
2000		2000		3000		0.208864
2000		0		2000		0.006175
2000		1000		2000		0.054543
2000		1000		1000		0.626720
2000		0		2000		0.057930
2000		2000		3000		0.348701
2000		1000		1000		0.835648
2000		3000		4000		0.217232
2000		0		2000		0.144891
2000		0		2000		0.027275
2000		2000		3000		0.208864
2000		1000		2000		0.208864
2000		4000		3000		0.225728
2000		2000		3000		0.143071
13000		26000		13000		0.276256
6000		12000		7000		0.273785
2000		1000		2000		0.088103
2000		2000		3000		0.208864
2000		1000		2000		0.208864
2000		4000		4000		0.399650
2000		0		2000		0.184115
2000		2000		3000		0.449212
2000		0		2000		0.039788
2000		3000		2000		0.434784
2000		1000		2000		0.018924
18500		37000		21000		0.262047
2500		5000		4000		0.088604
2000		3000		3000		0.099087
2000		2000		1000		0.417792
2000		1000		1000		0.217296
2000		3000		4000		0.033664
2000		1000		2000		0.208864
2000		0		2000		0.101263
2000		0		2000		0.101263
2000		1000		2000		0.192062
2000		1000		2000		0.208864
2000		0		2000		0.092013
2000		3000		2000		0.921559
2000		0		2000		0.095227
2000		2000		3000		0.368520
2000		0		1000		0.208864
2000		0		2000		0.100752
2000		3000		3000		0.255880
2000		3000		3000		0.211832
2000		1000		2000		0.208864
11500		23000		7000		0.468448
3500		7000		4000		0.417792
5500		11000		6000		0.407712
2000		2000		3000		0.208864
2000		3000		3000		0.320053
2000		1000		1000		0.408864
2000		0		2000		0.074283
2000		1000		1000		0.932372
2000		1000		2000		0.208864
2000		0		2000		0.052822
2000		1000		2000		0.037531
2000		3000		3000		0.217296
2000		0		2000		0.053575
2000		1000		2000		0.208864
2000		2000		1000		0.225792
2000		0		2000		0.101759
2000		0		2000		0.104809
2000		4000		5000		0.194462
2000		4000		5000		0.200250
2000		2000		3000		0.217296
2000		1000		2000		0.149548
2000		2000		3000		0.208864
2000		3000		3000		0.208864
4500		9000		6000		0.208864
2000		0		2000		0.065342
2000		0		2000		0.081956
2000		1000		2000		0.874031
2000		3000		4000		0.217296
2000		1000		2000		0.306837
2000		0		2000		0.097401
2000		1000		2000		0.208864
2000		0		2000		0.074704
2000		0		2000		0.109678
2000		2000		3000		0.208864
2000		0		2000		0.021507
2000		2000		3000		0.088692
2000		2000		3000		0.208864
2000		0		2000		0.208864
2000		1000		2000		0.208864
2000		0		2000		0.063450
2000		2000		3000		0.208864
2000		0		2000		0.038671
2000		1000		2000		0.291589
2000		0		2000		0.073142
2000		2000		1000		0.417792
2000		3000		3000		0.217296
2000		1000		2000		0.208864
2000		1000		2000		0.135368
2000		1000		1000		0.918067
2000		0		2000		0.096612
2000		1000		1000		0.417792
2000		1000		2000		0.170986
2000		2000		3000		0.140248
4000		8000		4000		0.242656
2000		1000		1000		0.409360
6500		13000		6000		0.650722
2000		1000		2000		0.208864
2000		0		1000		0.217296
2000		1000		2000		0.208864
2000		0		2000		0.190289
2000		2000		3000		0.208864
2000		0		2000		0.208864
2000		1000		2000		0.208864
2000		1000		2000		0.177618
2000		2000		1000		0.827280
2000		2000		2000		0.609792
2000		0		2000		0.021102
2000		3000		3000		0.217296
2000		1000		2000		0.254242
2000		3000		3000		0.208864
2000		0		2000		0.161722
2500		5000		3000		0.434656
2000		1000		2000		0.101771
2000		1000		2000		0.113453
2000		2000		3000		0.208864
6000		12000		3000		0.601488
2000		4000		2000		0.071055
5500		11000		1000		0.567824
2500		5000		3000		0.177700
9500		19000		7000		0.401056
3000		6000		5000		0.208864
2000		2000		3000		0.023952
2000		3000		2000		0.635152
2000		2000		3000		0.208864
2000		1000		2000		0.085157
2000		1000		2000		0.208864
2000		3000		4000		0.217296
2000		0		2000		0.093195
2000		0		2000		0.094242
2000		1000		2000		0.208864
2000		1000		2000		0.208864
3000		6000		4000		0.584496
2000		2000		3000		0.208864
2000		0		2000		0.063945
2000		3000		2000		0.434720
7500		15000		5000		0.392560
3000		6000		5000		0.200432
2500		5000		3000		0.208864
2000		2000		3000		0.208864
2000		0		2000		0.059718
2000		2000		3000		0.225728
2000		0		2000		0.031166
2000		1000		2000		0.208864
2000		2000		3000		0.208864
2000		2000		3000		0.208864
2000		2000		2000		0.871077
2000		0		2000		0.068811
2000		0		2000		0.103168
2000		2000		3000		0.208864
2000		1000		2000		0.805953
2000		3000		3000		0.216971
2000		0		2000		0.040251
2000		0		2000		0.097761
2000		0		2000		0.097761
2000		4000		4000		0.192370
2000		1000		2000		0.208864
2000		0		2000		0.078545
5500		11000		6000		0.225664
3000		6000		7000		0.176295
2500		5000		3000		0.443088
2000		0		2000		0.135471
2000		1000		2000		0.208864
2000		1000		2000		0.208864
2000		0		2000		0.069395
2000		0		2000		0.077827
2000		2000		3000		0.208864
2000		1000		2000		0.208864
2000		0		2000		0.008243
2000		0		2000		0.081038
2000		0		2000		0.087599
2000		4000		3000		0.692801
2000		4000		3000		0.208864
2000		2000		2000		0.775722
2000		2000		3000		0.208864
2000		1000		2000		0.208864
2000		0		2000		0.088295
2000		0		2000		0.087708
2000		1000		2000		0.208864
7500		15000		8000		0.225728
3000		6000		4000		0.208864
2000		0		2000		0.169493
2000		3000		3000		0.217296
2000		1000		2000		0.208864
2000		1000		2000		0.208864
2000		3000		3000		0.225728
2000		1000		2000		0.111788
2000		3000		3000		0.208864
2000		4000		3000		0.225728
2000		3000		3000		0.867068
2000		1000		2000		0.208864
2000		0		2000		0.094049
2000		2000		3000		0.208864
2000		2000		2000		0.656000
2000		0		2000		0.016984
2000		0		2000		0.033439
2000		0		2000		0.092967
2000		0		2000		0.081797
2000		2000		3000		0.208864
6500		13000		7000		0.443088
2000		4000		3000		0.208864
2000		3000		2000		0.225728
2000		1000		2000		0.024259
2000		1000		2000		0.034727
4500		9000		4000		0.401056
2000		2000		3000		0.217296
2000		3000		3000		0.502427
2000		0		2000		0.140011
2000		1000		2000		0.257773
2000		0		2000		0.078559
2000		0		2000		0.086991
2000		0		2000		0.092552
2000		3000		2000		0.225792
2000		2000		2000		0.477032
2000		2000		3000		0.208864
2000		2000		3000		0.408864
2000		0		2000		0.208864
2000		0		2000		0.097600
2000		2000		3000		0.392000
2000		1000		2000		0.208864
2000		0		2000		0.077230
2000		0		2000		0.027982
2000		3000		3000		0.208864
2000		4000		4000		0.012572
2000		4000		1000		0.626848
2000		2000		2000		0.626784
2000		1000		2000		0.792048
2000		0		2000		0.078301
2000		0		2000		0.078301
3500		7000		3000		0.643520
2000		4000		3000		0.217296
2000		2000		3000		0.208864
2000		0		2000		0.083142
2000		4000		4000		0.244369
2000		2000		3000		0.196285
2000		0		2000		0.044599
2000		1000		2000		0.208864
2000		0		2000		0.264269
2000		0		2000		0.065954
2000		3000		2000		0.434720
2000		2000		2000		0.626784
2000		0		2000		0.052353
2000		0		2000		0.081773
2000		1000		2000		0.208864
2000		0		2000		0.208864
2000		2000		2000		0.843648
2000		0		2000		0.064300
2000		1000		2000		0.208864
2000		1000		2000		0.208864
2000		0		2000		0.120171
2000		2000		3000		0.217296
4000		8000		4000		0.417792
2000		3000		4000		0.122948
2000		2000		3000		0.208864
2000		2000		3000		0.091327
2000		0		2000		0.085705
2000		0		2000		0.102387
2000		2000		3000		0.208864
2000		2000		1000		0.835648
2000		1000		2000		0.171473
2000		1000		2000		0.206036
2000		3000		3000		0.208864
2000		1000		2000		0.208864
2000		2000		3000		0.217296
2000		2000		2000		0.626784
2000		2000		3000		0.208864
2000		3000		3000		0.217296
2000		2000		3000		0.208864
2000		1000		2000		0.208864
2000		3000		3000		0.208864
2000		0		2000		0.084248
2000		4000		2000		0.846390
7000		14000		3000		0.610112
3000		6000		2000		0.578990
2500		5000		2000		0.613616
2000		2000		3000		0.208864
2000		1000		2000		0.103388
2000		3000		4000		0.416380
2000		1000		2000		0.090158
2000		2000		1000		0.821370
2000		1000		2000		0.208864
2000		1000		2000		0.883440
2000		0		2000		0.047664
2000		2000		3000		0.208864
2000		0		2000		0.013804
2000		1000		2000		0.208864
2000		1000		2000		0.208864
2000		3000		2000		0.626720
5000		10000		6000		0.465484
2000		3000		3000		0.208864
2000		4000		2000		0.417856
2000		2000		3000		0.208864
2000		0		2000		0.007005
2000		2000		3000		0.208864
2000		3000		3000		0.208864
2000		0		2000		0.208864
2000		0		2000		0.040946
2000		1000		1000		0.626720
2000		0		2000		0.087217
2000		0		2000		0.078705
2000		1000		2000		0.278735
2000		4000		3000		0.208864
2000		2000		3000		0.208864
2000		3000		3000		0.216800
2000		0		2000		0.057747
2000		2000		3000		0.208864
2000		1000		2000		0.119104
2000		1000		2000		0.208864
2000		1000		2000		0.129365
2000		0		2000		0.106683
2000		1000		2000		0.881630
4000		8000		4000		0.365344
2000		2000		3000		0.208864
2000		0		2000		0.103532
2000		0		2000		0.013262
2000		2000		3000		0.208864
2000		0		2000		0.083813
2000		1000		2000		0.119297
2000		1000		2000		0.171210
2000		3000		3000		0.208864
2000		0		2000		0.032088
2000		0		2000		0.034657
2000		4000		3000		0.434720
2000		0		2000		0.086802
2000		1000		2000		0.208864
2000		0		2000		0.208864
2000		1000		2000		0.208864
2000		4000		3000		0.208864
2000		0		2000		0.072344
2000		1000		1000		0.417792
2000		0		2000		0.099193
2000		0		2000		0.271396
2000		2000		1000		0.409424
2000		2000		3000		0.493643
7000		14000		6000		0.251088
2500		5000		4000		0.384128
2000		1000		2000		0.208864
2000		1000		1000		0.409360
2000		1000		2000		0.255481
2000		2000		3000		0.208864
2000		3000		3000		0.208864
2000		2000		3000		0.372505
2000		0		2000		0.021423
2000		0		2000		0.109930
2000		0		2000		0.109930
2000		1000		2000		0.208864
2000		2000		3000		0.446121
2000		0		2000		0.093991
2000		1000		2000		0.198147
2000		2000		3000		0.208864
2000		3000		3000		0.208864
2000		2000		3000		0.208864
2000		2000		3000		0.208864
2000		3000		3000		0.208864
2000		2000		3000		0.208864
2000		0		2000		0.012797
6500		13000		5000		0.426288
2000		4000		4000		0.400992
2000		2000		3000		0.208864
2000		0		2000		0.091023
2000		1000		2000		0.208864
2000		2000		3000		0.208864
2000		2000		3000		0.155257
2000		0		2000		0.022763
2000		1000		2000		0.208864
2000		1000		2000		0.208864
2000		0		2000		0.093196
3000		6000		1000		0.639128
2000		1000		1000		0.956268
2000		1000		2000		0.208864
2000		1000		3000		0.273067
2000		2000		3000		0.477615
2000		2000		2000		0.626784
2000		1000		2000		0.085603
4500		9000		4000		0.217296
2000		2000		3000		0.362609
2000		3000		3000		0.208864
2000		1000		1000		0.959071
2000		1000		2000		0.514829
2000		0		2000		0.098643
2000		0		2000		0.097929
2000		2000		2000		0.217296
2000		0		2000		0.035946
2000		0		2000		0.089803
2000		1000		2000		0.208864
2000		2000		1000		0.408928
2000		1000		2000		0.208864
2000		3000		2000		0.848282
2000		2000		1000		0.417792
2000		2000		3000		0.208864
2000		0		2000		0.040218
2000		4000		3000		0.234160
2000		3000		3000		0.217296
2000		2000		3000		0.417243
2000		1000		2000		0.208864
2000		0		2000		0.100670
2000		0		2000		0.100670
2000		1000		1000		0.417792
2000		0		2000		0.106204
9000		18000		9000		0.265822
2000		2000		1000		0.417856
2000		1000		2000		0.945776
2000		2000		3000		0.208864
2000		2000		3000		0.296510
2000		1000		2000		0.208864
2000		1000		2000		0.412687
2000		0		2000		0.063914
2000		1000		2000		0.208864
2000		2000		3000		0.208864
2000		1000		2000		0.208864
2000		3000		3000		0.208864
2000		1000		2000		0.169037
2000		3000		2000		0.217296
2000		0		2000		0.082787
2000		3000		4000		0.033664
2000		0		2000		0.035603
2000		0		2000		0.006400
2000		1000		2000		0.208864
2000		3000		3000		0.225728
2000		1000		2000		0.176714
10000		20000		9000		0.335408
3500		7000		4000		0.234160
7500		15000		8000		0.242528
3000		6000		6000		0.187335
2000		3000		4000		0.217296
2000		1000		2000		0.208864
2000		2000		2000		0.346948
2000		2000		3000		0.208864
2000		2000		3000		0.411420
2000		2000		3000		0.208864
3000		6000		5000		0.138962
2000		0		2000		0.092443
2000		2000		2000		0.409424
2000		3000		3000		0.208864
2000		1000		2000		0.858097
2000		2000		3000		0.208864
2000		1000		2000		0.208864
2000		2000		2000		0.626784
2000		2000		3000		0.040101
2000		2000		3000		0.283688
8000		16000		6000		0.367200
3000		6000		4000		0.355671
2000		1000		2000		0.079852
2000		0		1000		0.217296
2000		0		2000		0.096747
2000		2000		3000		0.208864
2000		2000		3000		0.208864
2000		3000		3000		0.208864
2000		3000		3000		0.234224
2000		0		2000		0.093178
2000		2000		3000		0.208864
2000		1000		2000		0.208864
2000		0		2000		0.100209
2000		1000		1000		0.626720
2000		2000		2000		0.709261
2000		1000		2000		0.208864
2000		3000		3000		0.217296
2000		2000		3000		0.208864
2000		3000		3000		0.208864
2000		2000		3000		0.029918
2000		2000		3000		0.387946
6500		13000		8000		0.208864
2000		4000		3000		0.217296
5500		11000		1000		0.672279
2000		3000		3000		0.592000
2000		3000		3000		0.208304
2000		3000		3000		0.143311
2000		2000		3000		0.208864
6500		13000		8000		0.294995
2000		3000		3000		0.208864
2000		1000		2000		0.208864
2000		1000		1000		0.938555
2000		0		2000		0.098265
2000		1000		2000		0.208864
2000		2000		3000		0.208864
2000		1000		2000		0.491014
2000		2000		3000		0.462552
2000		1000		2000		0.192505
2000		1000		2000		0.086793
2000		2000		3000		0.182478
2000		3000		3000		0.208864
2000		3000		3000		0.033664
2000		4000		2000		0.400928
2000		4000		4000		0.217296
2000		2000		2000		0.626720
6000		12000		2000		0.759888
2500		5000		3000		0.426224
2000		1000		2000		0.208864
2000		0		2000		0.154318
2000		2000		2000		0.441744
2000		2000		3000		0.208864
2000		3000		1000		0.835712
2000		3000		3000		0.234160
2000		0		2000		0.039725
2000		1000		2000		0.208864
2000		3000		3000		0.139085
5500		11000		1000		0.662387
2000		1000		2000		0.020167
6500		13000		2000		0.426352
2000		4000		1000		0.601424
4500		9000		5000		0.477458
2000		2000		2000		0.383183
2000		2000		2000		0.844272
2000		2000		2000		0.923905
2000		1000		2000		0.668652
2000		2000		3000		0.208864
2000		2000		3000		0.208864
2000		0		2000		0.208864
2000		3000		4000		0.409296
2000		0		2000		0.053309
2000		2000		2000		0.208864
2000		3000		3000		0.208864
2000		3000		4000		0.189050
2000		1000		2000		0.060253
2000		2000		2000		0.741515
2000		0		2000		0.076901
2000		0		2000		0.182235
2000		2000		3000		0.208864
2000		3000		4000		0.033664
2000		0		2000		0.208864
5000		10000		6000		0.225728
2000		3000		3000		0.192025
4500		9000		3000		0.434720
2000		2000		3000		0.256620
2000		4000		5000		0.137677
2000		1000		2000		0.116161
5500		11000		5000		0.225664
2000		4000		2000		0.715745
2000		0		2000		0.054452
2000		2000		3000		0.718042
2000		1000		2000		0.104961
2000		2000		3000		0.217792
2500		5000		2000		0.217296
2000		2000		3000		0.208864
2000		2000		1000		0.409360
2000		0		2000		0.038764
2000		1000		2000		0.208864
2000		4000		3000		0.208864
2000		1000		2000		0.166319
2000		3000		3000		0.208864
2000		4000		3000		0.208864
2000		1000		2000		0.208864
2000		0		2000		0.061192
2000		3000		3000		0.208864
5500		11000		4000		0.618352
2000		2000		2000		0.217296
2000		1000		2000		0.933405
2000		0		2000		0.097928
2000		1000		1000		0.835648
2000		2000		2000		0.208864
2000		3000		1000		0.626720
2000		2000		3000		0.208864
2000		1000		2000		0.166947
2500		5000		5000		0.208864
2000		0		2000		0.097445
2000		3000		4000		0.208864
2000		2000		3000		0.208864
2000		0		2000		0.013009
2000		1000		2000		0.208864
2000		1000		2000		0.208864
2000		0		2000		0.068004
2000		3000		3000		0.217296
4500		9000		5000		0.234160
2000		3000		2000		0.626720
2000		0		2000		0.004069
2000		3000		3000		0.202318
2000		1000		2000		0.193439
2000		1000		2000		0.185206
2000		1000		2000		0.469296
2000		3000		3000		0.192201
2000		1000		2000		0.003775
2000		2000		3000		0.208864
2000		1000		2000		0.208864
2000		1000		2000		0.101880
2000		3000		3000		0.187059
2000		2000		1000		0.409424
2000		3000		3000		0.208864
2000		1000		2000		0.208864
2000		0		2000		0.081111
2000		2000		3000		0.217296
2000		2000		3000		0.349462
2000		0		2000		0.053363
2000		2000		2000		0.635216
9500		19000		7000		0.259520
2500		5000		4000		0.217296
2000		1000		2000		0.185648
2000		0		2000		0.042730
2000		2000		3000		0.311178
2000		3000		3000		0.295130
2000		2000		2000		0.381021
2000		0		2000		0.042999
3500		7000		1000		0.643776
2000		4000		2000		0.426224
7000		14000		7000		0.225728
2500		5000		3000		0.417792
2000		0		2000		0.124494
2000		2000		3000		0.208864
2000		3000		3000		0.393613
2000		0		2000		0.100108
2000		0		2000		0.100108
2000		4000		2000		0.217296
2000		2000		1000		0.937032
2000		1000		2000		0.208864
2500		5000		3000		0.558802
2000		2000		3000		0.352155
2500		5000		3000		0.644576
2500		5000		3000		0.426160
3500		7000		4000		0.469026
2000		3000		2000		0.707327
2000		2000		3000		0.208864
2000		3000		3000		0.217296
2000		2000		3000		0.208864
2000		1000		2000		0.882213
2000		4000		3000		0.208864
2000		0		2000		0.096423
2000		2000		3000		0.366345
2000		0		2000		0.037853
2000		3000		3000		0.408800
2000		0		2000		0.095451
2000		1000		2000		0.180141
2000		0		2000		0.067410
2000		1000		2000		0.115435
2000		1000		1000		0.217296
2000		0		2000		0.171196
2000		1000		2000		0.208864
2000		3000		2000		0.434592
9500		19000		7000		0.335472
3500		7000		4000		0.343840
2000		0		3000		0.464754
2000		1000		1000		0.873131
2000		0		2000		0.054400
2000		1000		2000		0.208864
2000		2000		3000		0.208864
2000		0		2000		0.070716
2000		1000		2000		0.208864
2000		1000		2000		0.208864
2000		2000		3000		0.208864
2000		1000		2000		0.040932
2000		1000		2000		0.208864
2000		0		2000		0.077228
2000		0		2000		0.074316
2000		2000		3000		0.217296
2000		1000		2000		0.208864
2000		1000		2000		0.208864
2000		0		2000		0.012438
2000		1000		2000		0.138858
2000		1000		2000		0.891047
2000		2000		3000		0.156548
2000		1000		2000		0.418998
2000		1000		2000		0.208864
2000		1000		2000		0.096423
7000		14000		6000		0.434720
2500		5000		2000		0.434592
6500		13000		6000		0.234160
2500		5000		4000		0.208864
2000		2000		3000		0.208864
2000		0		2000		0.208864
2000		1000		2000		0.208864
2000		1000		2000		0.608864
2000		0		2000		0.208864
2000		3000		3000		0.208864
2000		3000		3000		0.179226
2000		4000		1000		0.786613
2000		0		2000		0.032388
2000		3000		3000		0.208864
2000		4000		3000		0.206068
2000		2000		3000		0.202962
12500		25000		9000		0.333536
5500		11000		7000		0.206530
2000		4000		2000		0.790836
2000		2000		3000		0.279944
2000		0		2000		0.208864
2000		0		2000		0.079936
2000		2000		3000		0.208864
2000		1000		2000		0.152972
2000		2000		2000		0.208864
2000		2000		1000		0.409360
2000		3000		3000		0.208864
2000		0		2000		0.080813
2000		1000		2000		0.175377
2000		0		2000		0.027738
2000		1000		2000		0.208864
2000		0		2000		0.091474
2000		2000		2000		0.609792
2000		4000		2000		0.392000
2000		2000		1000		0.787525
6500		13000		5000		0.409424
2000		3000		2000		0.217296
2000		3000		2000		0.217296
2000		1000		2000		0.208864
2000		2000		2000		0.798456
2000		1000		2000		0.208864
2000		4000		3000		0.234160
2000		2000		2000		0.371895
2000		3000		2000		0.862586
2000		1000		2000		0.172294
2000		3000		2000		0.225792
2000		4000		4000		0.217296
2000		2000		2000		0.351231
2000		0		2000		0.059487
2000		3000		3000		0.768566
2000		2000		3000		0.208864
2000		2000		2000		0.217296
2000		2000		3000		0.518576
7000		14000		6000		0.582197
2000		4000		3000		0.423430
2500		5000		3000		0.400864
2000		0		2000		0.099823
2000		2000		3000		0.208864
2000		1000		2000		0.039998
2000		1000		2000		0.064228
2000		2000		3000		0.128924
2000		3000		2000		0.618352
2000		1000		2000		0.208864
2000		1000		1000		0.409296
2000		2000		3000		0.443130
2000		0		2000		0.103094
2000		2000		3000		0.318882
2000		1000		2000		0.206913
2000		1000		2000		0.417296
2000		4000		1000		0.400928
5500		11000		3000		0.409424
2000		3000		1000		0.844080
2000		2000		3000		5.998460
2000		3000		3000		3.171890
2000		2000		2000		0.208864
2000		0		2000		0.208864
2000		3000		3000		0.409360
2000		0		2000		0.106435
2000		2000		3000		0.208864
2000		1000		2000		0.208864
2000		1000		1000		0.408864
2000		2000		2000		0.473369
2000		3000		3000		0.217296
2000		1000		2000		0.208864
2000		4000		3000		0.225728
2000		0		2000		0.019309
3000		6000		3000		0.676153
7000		14000		6000		0.417984
2500		5000		4000		0.208864
2000		1000		2000		0.068798
2000		2000		3000		0.208864
2000		0		2000		0.063747
2000		0		2000		0.062384
2000		0		2000		0.062758
2000		0		2000		0.020279
2000		2000		1000		0.409424
2000		2000		3000		0.208864
2000		2000		3000		0.383396
2000		1000		2000		0.208864
2000		1000		2000		0.208864
2500		5000		2000		0.434656
2000		2000		3000		0.208864
2000		0		2000		0.028247
2000		2000		3000		0.208864
2000		3000		3000		0.206664
2000		1000		2000		0.041920
2000		3000		3000		0.217296
2000		2000		3000		0.208864
2000		1000		2000		0.005867
4500		9000		5000		0.356912
2000		4000		4000		0.096710
2500		5000		1000		0.792268
2000		3000		4000		0.185938
2000		1000		2000		0.208864
2000		4000		4000		0.126075
5000		10000		4000		0.341840
2000		3000		4000		0.102150
6000		12000		5000		0.417792
2000		4000		2000		0.502976
2000		2000		3000		0.208864
2000		1000		2000		0.208864
2000		2000		3000		0.208864
2000		0		2000		0.110869
2000		0		2000		0.102270
2000		1000		2000		0.312416
2000		0		2000		0.090775
2000		1000		2000		0.208864
2000		3000		3000		0.425728
2000		0		2000		0.019233
2000		1000		2000		0.185383
2000		0		2000		0.055503
2000		1000		2000		0.396109
2000		4000		1000		0.609920
2000		1000		2000		0.208864
8500		17000		6000		0.324976
3500		7000		4000		0.208928
2000		2000		3000		0.500923
2000		1000		2000		0.945781
2000		1000		2000		0.208864
2000		1000		2000		0.208864
2000		2000		3000		0.208864
2000		2000		3000		0.208864
2000		1000		2000		0.208864
2000		3000		2000		0.417792
2000		2000		1000		0.714904
2000		2000		3000		0.208864
2000		3000		4000		0.217232
2000		0		2000		0.044262
2000		0		2000		0.073803
2000		2000		3000		0.508511
2000		0		2000		0.208864
2000		1000		2000		0.305770
2000		1000		2000		0.208864
2000		2000		2000		0.626784
6500		13000		3000		0.567632
2000		4000		2000		0.217296
2000		3000		3000		0.208864
2000		2000		2000		0.626784
2000		0		2000		0.128996
2000		2000		3000		0.208864
2000		3000		3000		0.208864
2000		2000		3000		0.208864
2000		0		2000		0.055973
2000		0		2000		0.096564
2000		1000		2000		0.208864
2000		1000		2000		0.195843
2000		0		2000		0.089797
2000		2000		3000		0.208864
2000		1000		2000		0.208864
2000		0		2000		0.105642
2000		1000		1000		0.934433
2000		1000		2000		0.208864
2500		5000		4000		0.225728
2000		2000		2000		0.419015
2000		1000		2000		0.115416
2000		3000		4000		0.217296
2000		2000		2000		0.208864
4500		9000		3000		0.601488
2000		3000		4000		0.200432
2000		0		2000		0.138927
2000		2000		3000		0.938508
2000		1000		2000		0.127899
2000		4000		5000		0.192636
2000		2000		2000		0.635216
2000		2000		2000		0.208864
2000		2000		2000		0.940052
2000		2000		3000		0.208864
2000		0		2000		0.106197
2000		3000		2000		0.881297
2000		3000		2000		0.634656
2000		0		2000		0.031202
2000		0		2000		0.102154
2000		1000		2000		0.028591
2000		1000		2000		0.208864
2000		3000		3000		0.208864
3000		6000		4000		0.451648
2000		4000		3000		0.208864
2000		1000		2000		0.090092
6500		13000		2000		1.036660
2500		5000		3000		0.635152
2000		2000		2000		5.729440
2000		2000		3000		0.208864
2000		1000		2000		0.657312
2000		1000		2000		0.208864
2000		0		2000		0.122425
2000		3000		3000		0.208864
2000		2000		3000		0.208864
2000		0		2000		0.096122
2000		0		2000		0.034854
2000		0		2000		0.079980
2000		1000		2000		0.208864
2000		1000		2000		0.208864
2000		1000		2000		0.208864
2000		4000		3000		0.208864
2000		2000		1000		0.409424
5000		10000		2000		0.443216
2000		3000		3000		0.208864
6000		12000		2000		0.485440
2000		4000		3000		0.191403
6500		13000		7000		0.322048
2000		3000		3000		0.208864
2000		1000		2000		0.208864
2000		0		2000		0.023147
2000		1000		2000		0.208864
2000		1000		2000		0.333927
2000		0		2000		0.085832
2000		0		2000		0.062646
2000		0		2000		0.091458
2000		2000		3000		0.503716
2000		1000		2000		0.856475
2000		0		2000		0.100838
2000		0		2000		0.073395
2000		0		2000		0.034600
2000		1000		2000		0.208864
2000		0		1000		0.217296
2000		0		2000		0.102616
2000		3000		2000		0.626292
2000		2000		2000		0.409424
2000		2000		2000		0.635216
2000		2000		3000		0.208864
2000		1000		2000		0.349795
2000		2000		3000		0.208864
2000		2000		2000		0.177083
7500		15000		7000		0.267952
3000		6000		4000		0.194078
5000		10000		5000		0.443216
2000		4000		1000		11.101400
2000		2000		1000		1.044510
2000		2000		3000		0.208864
2000		3000		3000		0.217296
2000		0		2000		0.208864
2000		2000		3000		0.409360
2000		4000		3000		0.384702
2000		2000		3000		0.340084
2000		1000		2000		0.923198
2000		0		2000		0.093183
2000		2000		3000		0.208864
2000		3000		2000		0.673619
2000		1000		2000		0.208864
2000		2000		1000		0.835712
2000		0		2000		0.045374
2000		1000		2000		0.160444
2000		0		2000		0.032488
2000		3000		3000		0.208864
2000		0		2000		0.019679
2000		4000		2000		0.457336
2000		1000		2000		0.162161
5000		10000		5000		0.426288
2000		3000		2000		0.635152
2000		4000		3000		0.426224
2000		1000		1000		0.835648
2000		3000		3000		0.208864
2500		5000		4000		0.234160
2000		0		2000		0.026482
2000		1000		2000		0.208864
2000		3000		2000		0.217360
2000		3000		3000		0.181176
5500		11000		3000		0.626848
2000		4000		3000		0.460144
2000		1000		1000		0.626720
2000		0		2000		2.637960
2000		4000		3000		0.208864
2000		0		2000		0.211976
2000		2000		3000		0.423412
2000		0		2000		0.078836
2000		1000		1000		0.913763
2000		0		2000		0.039663
2000		0		2000		0.103361
2000		2000		3000		0.208864
2000		2000		3000		0.208864
2000		2000		2000		0.426224
2000		0		2000		0.022414
2000		2000		3000		0.208864
2000		0		2000		0.143559
2000		4000		3000		0.208864
2000		1000		2000		0.279827
2000		0		2000		0.090631
2000		4000		1000		0.409360
2000		1000		2000		0.491942
5000		10000		6000		0.217232
2000		3000		2000		0.647802
2000		2000		3000		0.208864
2000		2000		3000		0.208864
2000		3000		3000		0.173892
2000		3000		2000		0.217296
2000		2000		3000		0.208864
2000		1000		2000		0.208864
2000		0		2000		0.098107
2000		1000		2000		0.230947
2000		4000		4000		0.217296
2000		3000		3000		0.208864
2000		1000		2000		0.163420
2000		0		2000		0.056122
2000		2000		3000		0.225728
2000		2000		3000		0.208864
2000		3000		3000		0.208864
2000		0		2000		0.026256
2000		3000		2000		0.643584
4000		8000		5000		0.365344
2000		1000		2000		0.208864
2000		1000		2000		0.303538
2000		0		2000		0.057978
2000		4000		2000		0.434720
2000		0		2000		0.066852
2000		0		2000		0.027531
2000		1000		2000		0.913005
2000		0		2000		0.101090
2000		1000		2000		0.240697
2000		0		2000		0.092732
2000		2000		3000		0.208864
2000		1000		2000		0.208864
2000		0		2000		0.086052
2000		1000		2000		0.208864
2000		2000		2000		0.609792
2000		1000		2000		0.305751
2000		3000		2000		0.217360
2000		3000		3000		0.208864
2000		3000		3000		0.208864
8500		17000		9000		0.242528
3000		6000		3000		0.417792
2500		5000		5000		0.142437
2000		1000		2000		0.088083
2000		1000		2000		0.184107
2000		0		2000		0.112675
2000		4000		4000		0.143095
2000		1000		2000		0.198866
2000		0		2000		0.058678
2000		1000		2000		0.208864
2000		1000		2000		0.208864
2000		1000		2000		0.943525
2000		2000		2000		0.856302
2000		1000		2000		0.208864
2000		2000		2000		0.429310
2000		2000		3000		0.257118
2000		2000		3000		0.208864
2000		0		2000		0.038185
2000		0		2000		0.046617
2000		1000		2000		0.155176
2000		1000		1000		0.409360
2000		3000		3000		0.716850
2000		0		2000		0.097883
2000		1000		2000		0.208864
2000		0		2000		0.208864
4500		9000		2000		0.652080
2000		2000		1000		0.720178
2000		1000		2000		0.208864
2000		4000		2000		0.234224
2000		2000		3000		0.208864
2000		2000		3000		0.217296
2000		1000		2000		0.687426
2000		2000		3000		0.286282
2000		1000		2000		0.208864
2000		3000		4000		0.175442
2000		1000		2000		0.509117
2000		3000		2000		0.617728
2000		0		2000		0.039282
2000		0		2000		0.029947
2000		2000		3000		0.208864
2000		2000		2000		0.931311
2000		1000		2000		0.248363
2000		1000		2000		0.187653
2000		3000		4000		0.217296
2000		1000		2000		0.116206
4500		9000		3000		0.225728
2000		4000		3000		0.208864
2000		1000		2000		0.165176
2000		2000		2000		0.382075
2000		3000		3000		0.202011
2000		1000		2000		0.208864
2000		3000		3000		0.164078
2000		1000		2000		0.208864
2000		1000		2000		0.208864
2000		1000		2000		0.208864
2000		2000		2000		0.626720
2000		1000		2000		0.417296
2000		0		2000		0.085891
2000		2000		3000		0.208864
2000		1000		2000		0.708326
13500		27000		4000		0.493872
6000		12000		8000		0.190991
2000		3000		3000		0.208864
2000		4000		3000		0.217296
2000		1000		2000		0.269345
2000		2000		3000		0.208864
2000		0		2000		0.102133
2000		0		2000		0.111582
2000		1000		1000		0.862513
2000		1000		2000		0.197083
2000		0		2000		0.074231
2000		0		2000		0.082663
2000		1000		2000		0.253597
2000		0		2000		0.053165
2000		1000		2000		0.919199
2000		0		2000		0.070327
2000		4000		1000		0.818848
2000		1000		2000		0.321198
2000		0		2000		0.084117
2000		0		2000		0.208864
5000		10000		1000		0.680015
2000		2000		2000		0.626720
2000		1000		2000		0.425070
2000		3000		4000		0.216800
2000		2000		3000		0.180401
2000		2000		3000		0.208864
2000		3000		2000		0.634656
2000		2000		2000		0.832186
2000		0		2000		0.074887
2000		0		2000		0.074887
2000		1000		2000		0.208864
2000		1000		2000		0.122456
2000		0		2000		0.025822
2000		0		2000		0.025752
2000		0		2000		0.099877
2000		0		2000		0.070947
2000		0		2000		0.031107
2000		0		2000		0.070271
2000		0		2000		0.062130
2000		2000		3000		0.226224
2000		3000		2000		0.217296
2000		4000		2000		0.217296
2000		1000		2000		0.104729
5500		11000		7000		0.225728
2000		3000		2000		0.367072
2000		1000		2000		0.125682
2000		2000		1000		0.225792
2000		0		2000		0.086962
2500		5000		5000		0.217296
2000		1000		2000		0.300416
2000		0		2000		0.079968
2000		2000		3000		0.184742
2000		1000		2000		0.208864
2000		1000		2000		0.208864
2000		2000		3000		0.208864
2000		0		2000		0.113099
2000		0		1000		0.217296
2000		3000		3000		0.208864
2000		2000		1000		0.932030
2000		1000		1000		0.217296
2000		0		2000		0.038571
2000		1000		2000		0.128617
2000		1000		2000		0.100355
2000		1000		2000		0.062251
2000		2000		3000		0.208864
2000		1000		2000		0.172991
5500		11000		6000		0.384064
2000		3000		2000		0.626848
7500		15000		5000		0.576256
2500		5000		3000		0.417792
2000		2000		3000		0.208864
2000		0		2000		0.105582
2000		3000		3000		0.093666
2000		2000		3000		0.208864
2000		1000		2000		0.051403
2000		0		2000		0.059963
2000		0		2000		0.098815
2000		0		2000		0.098815
2000		3000		3000		0.208864
2000		2000		3000		0.208864
2000		2000		2000		0.208864
2000		4000		3000		0.208864
2000		0		2000		0.105268
2000		3000		2000		0.829658
2000		1000		2000		0.717511
2000		0		2000		0.173714
2000		2000		2000		0.626720
2000		0		2000		0.025720
2000		0		2000		0.087519
2000		1000		2000		0.208864
2000		1000		2000		0.424363
2000		3000		2000		0.217296
6000		12000		6000		0.251088
2000		4000		3000		0.531679
2000		1000		2000		0.122006
2000		3000		3000		0.033664
2000		2000		3000		0.208864
2000		1000		2000		0.229624
2000		0		2000		0.040012
2000		0		2000		0.094900
2000		0		2000		0.094900
2000		2000		2000		0.208864
2000		0		2000		0.088610
2000		0		2000		0.047899
2000		2000		3000		0.208864
2000		0		2000		0.065876
2000		1000		2000		0.155940
2000		0		2000		0.208864
2000		0		2000		0.057792
2000		2000		2000		0.643776
2000		1000		2000		0.073281
2000		2000		3000		0.208864
2000		2000		2000		0.426224
2000		0		2000		0.044349
2000		0		2000		0.044349
2000		1000		2000		0.208864
2000		0		2000		0.084267
2000		2000		3000		0.327482
2000		3000		3000		0.208864
4500		9000		2000		0.400992
2000		3000		3000		0.208864
2000		3000		3000		0.208864
2000		1000		2000		0.468496
2000		3000		3000		0.208864
2000		2000		2000		0.208864
2000		0		2000		0.039499
2000		3000		3000		0.820457
2000		0		2000		0.089565
2000		0		2000		0.038404
2000		0		2000		0.079576
2000		1000		2000		0.208864
2000		2000		2000		0.635152
2000		3000		3000		0.208864
2000		4000		5000		0.195284
2000		1000		2000		0.153873
6500		13000		1000		0.662387
2000		0		2000		0.008386
2000		2000		3000		0.148184
2000		2000		2000		0.626784
2000		2000		2000		0.679825
2000		1000		2000		0.267825
2000		0		2000		0.089124
2000		1000		2000		0.208864
2000		0		2000		0.101862
2000		2000		3000		0.208864
2000		1000		2000		0.169901
2000		0		2000		0.073945
2000		0		2000		0.047985
2000		1000		2000		0.152895
2000		2000		3000		0.208864
2000		1000		2000		0.208864
2000		4000		3000		0.217296
2000		0		2000		0.087896
2000		0		2000		0.053999
2000		1000		2000		0.492089
2000		1000		2000		0.382489
2000		2000		3000		0.208864
2000		1000		2000		0.208864
2000		1000		2000		0.208864
2000		1000		2000		0.208864
2000		1000		2000		0.208864
4000		8000		4000		0.365344
2000		1000		2000		0.208864
2000		1000		2000		0.095687
2000		2000		2000		0.490816
2000		1000		2000		0.208864
2000		2000		1000		0.827152
2000		0		2000		0.068169
2000		1000		2000		0.208864
2000		1000		2000		0.208864
2000		0		2000		0.096452
2000		0		2000		0.094120
2000		0		2000		0.101738
2000		1000		2000		0.208864
2000		2000		3000		0.208864
2000		2000		3000		0.208864
2000		1000		2000		0.208864
2000		3000		3000		0.208864
2000		0		2000		0.105185
2000		2000		3000		0.208864
2000		1000		2000		0.208864
2000		1000		2000		0.933157
2000		4000		3000		0.234160
2000		2000		3000		0.056682
2000		2000		3000		0.208864
2000		0		2000		0.034021
2000		2000		3000		0.217296
2000		2000		2000		0.123954
2000		1000		2000		0.208864
2000		1000		2000		0.208864
10000		20000		8000		0.401056
4000		8000		5000		0.258698
2000		2000		3000		0.208864
10500		21000		10000		0.426224
4000		8000		5000		0.225728
2000		2000		3000		0.208864
2000		1000		1000		0.217296
2000		2000		3000		0.208864
2000		1000		2000		0.208864
2000		1000		1000		0.927347
2000		0		2000		0.071680
2000		0		2000		0.097544
2000		2000		3000		0.208864
2000		1000		2000		0.111412
2000		1000		2000		0.199004
2000		2000		3000		0.208864
2000		0		2000		0.103268
2000		2000		3000		0.494747
2000		4000		4000		0.501719
2000		1000		2000		0.154565
2000		3000		3000		0.208864
2000		3000		3000		0.328637
2000		2000		2000		0.938437
2000		2000		2000		0.208864
8000		16000		9000		0.259392
3000		6000		4000		0.208864
2000		2000		2000		0.217296
2000		0		2000		0.208864
2000		1000		2000		0.208864
2000		3000		1000		0.921630
2000		1000		2000		0.929944
2000		2000		3000		0.208864
2000		0		2000		0.057915
2000		1000		1000		0.937407
2000		2000		3000		0.053138
2000		2000		2000		0.217296
2000		2000		2000		0.217296
2000		1000		2000		0.095764
2000		1000		2000		0.208864
2000		0		2000		0.086880
2000		0		2000		0.086880
2000		4000		3000		0.609920
2000		3000		2000		0.635216
6000		12000		5000		0.426224
2500		5000		6000		0.101770
2000		3000		3000		0.217296
2000		0		2000		0.085044
2000		3000		1000		0.626848
2000		0		2000		0.237818
2000		1000		2000		0.157923
2000		2000		2000		0.426224
2000		0		2000		0.040792
2000		1000		2000		0.179125
2000		0		2000		0.091153
2000		1000		2000		0.208864
2000		3000		3000		0.217232
2000		0		2000		0.101867
2000		0		2000		0.093763
2000		4000		3000		0.208864
2000		1000		2000		0.208864
4000		8000		6000		0.348416
2000		1000		2000		0.189571
2000		1000		2000		0.717171
2000		2000		2000		0.943405
2000		2000		3000		0.208864
2000		0		2000		0.011011
2000		0		2000		0.074114
2000		1000		2000		0.208864
2000		0		2000		0.099795
2000		2000		3000		0.456949
2000		0		2000		0.039093
2000		0		2000		0.087590
2000		1000		2000		0.171027
2000		1000		2000		0.888270
2000		2000		2000		0.426224
2000		0		2000		0.092081
2000		0		2000		0.106159
2000		2000		2000		0.635216
2000		0		2000		0.049919
2000		0		2000		0.093198
2000		2000		2000		0.417792
2000		0		2000		0.000062
2000		3000		3000		0.408368
2000		0		2000		0.208864
2000		1000		2000		0.208864
2000		1000		2000		0.208864
2000		3000		3000		0.516674
8500		17000		9000		0.242528
3500		7000		5000		0.136391
11000		22000		12000		0.191902
2000		3000		4000		0.090877
7000		14000		4000		0.443152
2000		4000		2000		0.635216
2000		2000		3000		0.208864
2000		3000		3000		0.167734
7000		14000		6000		0.460080
3000		6000		4000		0.454785
2000		1000		2000		0.099747
2000		3000		2000		0.635152
2000		2000		3000		0.208864
2000		1000		2000		0.042608
2000		2000		3000		0.198149
2000		3000		2000		0.618160
2000		2000		3000		0.208864
2000		3000		3000		0.367336
2000		0		2000		0.096791
2000		1000		2000		0.200750
2000		3000		2000		0.781571
2000		0		2000		0.019165
2000		1000		2000		0.512012
2000		1000		2000		0.423734
2000		2000		2000		0.818784
6500		13000		6000		0.350336
2500		5000		3000		0.130473
6500		13000		6000		0.242464
2000		4000		4000		0.208864
9500		19000		10000		0.259520
3500		7000		2000		0.426288
2000		2000		3000		0.078344
2000		0		2000		0.208864
2000		2000		3000		0.208864
2000		1000		2000		0.208864
2000		1000		2000		0.208864
2000		2000		2000		0.835712
2000		2000		3000		0.084663
2000		0		2000		0.103716
2000		0		2000		0.077882
2000		0		2000		0.056959
2000		1000		1000		0.217296
2000		0		2000		0.097891
2000		2000		2000		0.920158
2000		2000		3000		0.208864
2000		1000		2000		0.208864
2000		2000		3000		0.208864
2000		0		2000		0.208864
2000		1000		2000		0.491715
2000		2000		2000		0.817052
2000		1000		2000		0.208864
2000		2000		3000		0.208864
2000		1000		2000		0.061287
2000		0		2000		0.111065
14000		28000		12000		0.377568
5500		11000		5000		0.434656
2000		4000		3000		0.367264
2000		1000		2000		0.208864
2000		0		2000		0.089816
2000		0		2000		0.088457
2000		1000		2000		0.208864
2000		0		2000		0.041351
2000		0		2000		0.068776
2000		1000		2000		0.208864
2000		0		2000		0.100498
2000		4000		4000		0.217296
2000		2000		2000		1.030550
2500		5000		5000		0.217296
2000		2000		3000		0.208864
2000		2000		1000		0.635216
9500		19000		3000		0.476944
4000		8000		7000		0.185662
2000		3000		1000		0.217360
2000		1000		2000		0.208864
2000		1000		2000		0.759813
2000		0		2000		0.066043
2000		1000		2000		0.305451
2000		2000		3000		0.208864
2000		0		2000		0.087002
2000		0		2000		0.095434
2000		1000		2000		0.066729
2000		3000		3000		0.217296
2000		1000		2000		0.208864
2000		2000		1000		0.225792
2000		1000		2000		0.104548
2000		1000		2000		0.393961
2000		2000		3000		0.319395
2000		2000		3000		0.208864
5500		11000		4000		0.800272
2000		1000		2000		0.254649
2000		1000		2000		0.208864
2000		2000		1000		0.409424
2000		0		2000		0.091755
2000		1000		2000		0.208864
2000		1000		1000		0.417792
2000		2000		3000		0.037273
2000		2000		2000		0.417792
2000		2000		3000		0.204476
2000		1000		2000		0.208864
2000		0		2000		0.057083
2000		2000		1000		0.409360
2000		3000		4000		0.217296
2000		1000		2000		0.183357
2000		2000		1000		0.426224
2000		3000		2000		0.635152
4500		9000		3000		0.443152
2000		2000		2000		0.217296
2000		1000		2000		0.208864
2000		3000		3000		0.193599
4500		9000		2000		0.720114
2000		4000		4000		0.208864
2000		2000		3000		0.196801
7000		14000		6000		0.276384
2500		5000		4000		0.208864
2000		3000		3000		0.191143
6000		12000		6000		0.208864
2000		4000		4000		0.183654
2000		1000		2000		0.009156
2000		3000		4000		0.171483
2500		5000		4000		0.242656
2000		3000		2000		0.635152
2000		3000		3000		0.196007
5000		10000		5000		0.217232
2000		2000		1000		0.217296
2000		0		2000		0.208864
2000		1000		2000		0.208864
2000		4000		4000		0.208864
2000		0		2000		0.100872
2000		4000		3000		0.208864
2000		2000		1000		0.409424
2000		2000		3000		0.208864
2000		1000		2000		0.192253
2000		3000		3000		0.208864
2000		3000		3000		0.208864
2000		1000		2000		0.060103
2000		4000		3000		0.426224
2000		1000		2000		0.142129
2000		0		2000		0.208864
2000		2000		3000		0.208864
2000		0		2000		0.027063
4500		9000		1000		0.669072
2000		4000		4000		0.155176
