ssthresh	bytesInFlight	cWndAtTheEnd	TimeSpentInRecovery
12800		14000		12800		0.584624
4500		9000		4500		0.691233
2000		3000		2000		0.692632
2000		0		2000		0.109665
2000		2000		2000		0.208864
2000		3000		2000		0.370715
2000		0		2000		0.045726
2000		3000		2000		0.217296
2000		0		2000		0.486607
2000		0		2000		0.096288
2000		1000		2000		0.096160
2000		1000		2000		0.208864
2000		1000		2000		0.208864
2000		1000		2000		0.208864
2000		2000		2000		0.835648
2000		2000		2000		0.208864
2000		1000		2000		0.208864
2000		1000		2000		0.944795
2000		0		2000		0.334879
2000		2000		2000		0.626720
2500		5000		2500		0.843584
2000		3000		2000		0.217296
2000		3000		2000		0.208864
2000		1000		2000		0.048935
2000		1000		2000		0.194852
2000		4000		2000		0.722505
2000		4000		2000		0.208864
2000		1000		2000		0.208864
2000		4000		2000		0.225728
22400		26000		22400		0.267824
17600		20000		17600		0.417920
13600		16000		13600		0.192064
11200		12000		11200		0.234529
3000		6000		3000		0.635152
2000		3000		2000		0.176123
2000		3000		2000		0.236705
2000		1000		2000		0.355974
2000		2000		2000		0.045553
2000		2000		2000		0.835648
2000		0		2000		0.104600
2000		2000		2000		0.208864
2500		5000		2500		0.217232
3000		6000		3000		0.208864
2000		3000		2000		0.226288
2000		4000		2000		0.838759
2000		2000		2000		0.929353
2000		2000		2000		0.208864
2000		2000		2000		0.452027
31200		37000		31200		0.262047
4000		8000		4000		0.417792
2000		0		2000		0.217296
2000		1000		2000		0.044900
2000		1000		2000		0.044900
2000		2000		2000		0.208864
2000		1000		2000		0.142036
3000		6000		3000		0.208864
2000		1000		2000		0.217296
2000		0		2000		0.277222
2000		1000		2000		0.208864
2000		0		2000		0.101417
2000		1000		2000		0.208864
2000		2000		2000		0.208864
2000		0		2000		0.023527
2000		2000		2000		0.225792
2000		3000		2000		0.538838
2000		1000		2000		0.047821
2000		3000		2000		0.771651
2000		0		2000		0.208864
2000		2000		2000		0.703873
2000		2000		2000		0.208864
2000		1000		2000		0.208864
2000		0		2000		0.015450
2000		3000		2000		0.733147
2000		3000		2000		0.918340
2000		2000		2000		0.291801
20000		23000		20000		0.510672
16000		18000		16000		0.384192
12800		15000		12800		0.401056
4500		9000		4500		0.341968
2000		2000		2000		0.205879
2000		0		2000		0.007090
2000		4000		2000		0.335334
2000		2000		2000		0.845889
2000		4000		2000		0.729152
2000		1000		2000		0.191413
2000		1000		2000		0.208864
2000		1000		2000		0.195358
2000		3000		2000		0.232692
2000		3000		2000		0.618224
2000		1000		2000		0.208864
2000		1000		2000		0.835648
2000		0		2000		0.103780
2000		3000		2000		0.033664
2000		3000		2000		0.829996
2000		1000		2000		0.208864
2000		3000		2000		0.408864
2000		0		2000		0.208864
2000		1000		2000		0.208864
2000		1000		2000		0.486496
2000		0		2000		0.069136
2000		1000		2000		0.835648
2000		1000		2000		0.409360
5500		11000		5500		0.407712
2000		4000		2000		0.135377
2000		4000		2000		0.217296
2000		3000		2000		0.208864
2000		2000		2000		0.835648
2000		2000		2000		0.409424
2000		1000		2000		0.208864
2000		3000		2000		0.417792
2000		0		2000		0.111247
2000		0		2000		0.208864
2000		3000		2000		0.208864
2000		2000		2000		0.417792
2000		1000		2000		0.126938
2000		1000		2000		0.208864
2000		0		2000		0.080864
2000		1000		2000		0.185610
2000		0		2000		0.426224
2000		3000		2000		0.208864
2000		1000		2000		0.208864
2000		2000		2000		0.197146
2000		3000		2000		0.525057
2000		2000		2000		0.217296
2000		3000		2000		0.400928
3000		6000		3000		0.119599
2000		1000		2000		0.004974
4500		9000		4500		0.409424
2000		3000		2000		0.435986
2000		3000		2000		0.626720
2000		3000		2000		0.208864
2000		1000		2000		0.196820
2000		2000		2000		0.208864
2000		1000		2000		0.168649
2000		3000		2000		0.618224
2000		2000		2000		0.408463
2000		1000		2000		0.157825
2000		3000		2000		0.208864
2000		1000		2000		0.217296
2000		1000		2000		0.101991
2000		3000		2000		0.408368
2000		0		2000		0.208864
2500		5000		2500		0.217296
2000		1000		2000		0.208864
2000		1000		2000		0.208864
2000		1000		2000		0.479243
2000		2000		2000		0.523010
2000		2000		2000		0.426288
2000		2000		2000		0.208864
2000		1000		2000		0.208864
2500		5000		2500		0.217728
2000		2000		2000		0.876181
2000		0		2000		0.032101
2000		1000		2000		0.208864
2000		2000		2000		0.208864
2000		2000		2000		0.956865
4000		8000		4000		0.259520
2000		3000		2000		0.078242
2500		5000		2500		0.580025
2000		3000		2000		0.408864
2000		0		2000		0.208864
2000		1000		2000		0.208864
2000		3000		2000		0.417792
2000		3000		2000		0.208864
2000		1000		2000		0.208864
2000		3000		2000		0.208864
2000		0		2000		0.028272
2000		1000		2000		0.835648
2000		1000		2000		0.217296
2000		2000		2000		0.476043
2000		1000		2000		0.208864
2000		1000		2000		0.208864
2000		4000		2000		0.434592
2000		1000		2000		0.202526
3000		6000		3000		0.250528
2000		1000		2000		0.208864
2000		1000		2000		0.208864
2000		1000		2000		0.208864
2500		5000		2500		0.443152
2000		3000		2000		0.852161
2000		1000		2000		0.208864
2000		3000		2000		0.208864
2000		0		2000		0.041649
2000		1000		2000		0.190939
12000		13000		12000		0.650722
2000		3000		2000		0.445990
2000		2000		2000		0.400432
2000		0		2000		0.208864
3000		6000		3000		0.217296
2000		2000		2000		0.208864
2000		3000		2000		0.893653
2000		2000		2000		0.626720
2000		3000		2000		0.217296
2000		3000		2000		0.409232
2000		3000		2000		0.282732
2000		2000		2000		0.173145
2000		3000		2000		0.216800
2000		1000		2000		0.181509
2000		3000		2000		0.703026
2000		2000		2000		0.635152
2000		1000		2000		0.274890
2000		2000		2000		0.871976
2000		1000		2000		0.208864
2500		5000		2500		0.234160
2000		3000		2000		0.766685
2000		2000		2000		0.409424
2000		1000		2000		0.208864
2500		5000		2500		0.217232
11200		12000		11200		0.593120
4500		9000		4500		0.626912
2000		0		2000		0.208864
2000		1000		2000		0.144488
2000		2000		2000		0.090613
3000		6000		3000		0.409360
2000		3000		2000		0.417439
3000		6000		3000		0.225728
2000		4000		2000		0.749099
2000		3000		2000		0.208864
2000		2000		2000		0.208864
2000		2000		2000		0.408928
2000		3000		2000		0.216864
2000		3000		2000		0.217296
2000		4000		2000		0.426288
2000		3000		2000		0.217296
2000		0		2000		0.244467
2000		2000		2000		0.212643
2000		1000		2000		0.183242
2000		4000		2000		0.208864
2000		0		2000		0.100719
2000		4000		2000		0.217296
2000		2000		2000		0.835648
5500		11000		5500		0.669053
2000		3000		2000		0.165447
2000		4000		2000		0.154145
2000		2000		2000		0.145713
4000		8000		4000		0.234160
2000		4000		2000		0.217296
2000		2000		2000		0.409424
2500		5000		2500		0.476245
2000		2000		2000		0.333586
2000		2000		2000		0.208864
2000		1000		2000		0.208864
2000		1000		2000		0.315475
2000		2000		2000		0.208864
2000		4000		2000		0.574446
2000		2000		2000		0.208864
2000		2000		2000		0.208864
2000		0		2000		0.208864
2000		2000		2000		0.966806
2000		4000		2000		0.217296
2000		1000		2000		0.048511
16800		19000		16800		0.409552
12800		15000		12800		0.311135
2500		5000		2500		0.477072
2000		3000		2000		0.161420
2000		1000		2000		0.086313
2500		5000		2500		0.626720
2000		2000		2000		0.208864
2000		0		2000		0.010908
2000		1000		2000		0.208864
2000		2000		2000		0.208864
3000		6000		3000		0.538275
3000		6000		3000		0.208864
3000		6000		3000		0.208864
2000		2000		2000		0.300145
2000		4000		2000		0.417856
2000		1000		2000		0.163644
2000		0		2000		0.036479
2500		5000		2500		0.216800
2000		0		2000		0.061079
13600		15000		13600		0.358832
6000		12000		6000		0.852704
2500		5000		2500		0.208864
3500		7000		3500		0.392496
2000		4000		2000		0.208864
2000		1000		2000		0.208864
2000		3000		2000		0.208864
2000		2000		2000		0.208864
2000		2000		2000		0.208864
2000		2000		2000		0.208864
2000		3000		2000		0.208864
2000		2000		2000		0.889857
2000		1000		2000		0.208864
2000		3000		2000		0.634224
2000		2000		2000		0.918890
2000		3000		2000		0.217232
2500		5000		2500		0.718328
2000		0		2000		0.040154
2000		1000		2000		0.208864
2000		2000		2000		0.193139
3000		6000		3000		0.443152
2000		0		2000		0.171790
2000		1000		2000		0.208864
2000		1000		2000		0.175468
2000		1000		2000		0.159750
2000		0		2000		0.069270
5500		11000		5500		0.225664
3000		6000		3000		0.259520
2000		4000		2000		0.401176
2000		1000		2000		0.208864
2000		2000		2000		0.225792
2000		4000		2000		0.417792
2000		2000		2000		0.208864
2000		2000		2000		0.208864
2000		2000		2000		0.208864
2000		1000		2000		0.118670
2000		1000		2000		0.208864
2500		5000		2500		0.426224
2000		4000		2000		0.217296
2000		2000		2000		0.208864
2000		1000		2000		0.488761
2000		0		2000		0.095931
2000		0		2000		0.098111
2000		3000		2000		0.217232
2000		1000		2000		0.208864
2000		2000		2000		0.835648
2000		1000		2000		0.479843
2000		4000		2000		0.368138
2000		3000		2000		0.225664
2000		2000		2000		0.626720
13600		15000		13600		0.225728
5000		10000		5000		0.208864
2000		4000		2000		0.708860
2000		3000		2000		0.208864
2000		1000		2000		0.057199
2000		1000		2000		0.034403
2000		3000		2000		0.208864
2000		0		2000		0.047660
2000		2000		2000		0.409424
2500		5000		2500		0.643088
2000		2000		2000		0.208864
2000		4000		2000		0.208864
2000		4000		2000		0.181907
2000		3000		2000		0.638677
2000		3000		2000		0.162139
2000		3000		2000		0.216864
2000		3000		2000		0.208864
2500		5000		2500		0.643648
2000		1000		2000		0.078211
2000		2000		2000		0.392516
2000		4000		2000		0.360059
2000		0		2000		0.029009
2000		3000		2000		0.208864
12800		13000		12800		0.451584
5000		10000		5000		0.208864
2000		3000		2000		0.208864
2000		2000		2000		0.950605
2000		0		2000		0.233723
2000		4000		2000		0.597352
2000		2000		2000		0.832966
2000		3000		2000		0.216800
3000		6000		3000		0.392496
2000		2000		2000		0.339859
2000		1000		2000		0.408864
2000		1000		2000		0.208864
2000		1000		2000		0.208864
2000		3000		2000		0.829671
2000		1000		2000		0.175645
3000		6000		3000		0.267952
2000		2000		2000		0.298976
2000		3000		2000		0.417792
2000		2000		2000		0.208864
2000		0		2000		0.098421
2000		4000		2000		0.208864
2000		1000		2000		0.196884
2000		4000		2000		0.409424
2000		0		2000		0.041902
2000		2000		2000		0.373198
4500		9000		4500		0.400992
2000		2000		2000		0.208864
2000		0		2000		0.208864
2000		0		2000		0.155544
2000		1000		2000		0.873984
2000		1000		2000		0.208864
2000		1000		2000		0.217296
2000		1000		2000		0.865463
2000		2000		2000		0.626720
2000		1000		2000		0.208864
2000		3000		2000		0.409424
2000		0		2000		0.062567
2000		1000		2000		0.208864
2000		0		2000		0.196599
2000		3000		2000		0.208864
2000		2000		2000		0.183756
2000		2000		2000		0.835648
2000		0		2000		0.075668
2000		2000		2000		0.208864
2000		1000		2000		0.141243
2000		2000		2000		0.368993
2000		2000		2000		0.474283
2000		3000		2000		0.208864
2000		0		2000		0.084016
2000		2000		2000		0.217296
2000		4000		2000		0.127982
2000		3000		2000		0.208864
2000		4000		2000		0.652448
2000		3000		2000		0.208864
2000		1000		2000		0.498263
2000		1000		2000		0.208864
2000		3000		2000		0.208864
2000		3000		2000		0.208864
2000		2000		2000		0.869341
3500		7000		3500		0.756735
4500		9000		4500		0.217296
2000		4000		2000		0.887442
2000		3000		2000		0.280697
2000		1000		2000		0.037913
2000		2000		2000		0.409424
2000		3000		2000		0.217296
2000		1000		2000		0.190757
2000		1000		2000		0.208864
2000		4000		2000		0.409360
2000		2000		2000		0.626720
2000		3000		2000		0.208864
2000		2000		2000		0.861040
2000		0		2000		0.025328
2000		2000		2000		0.609296
2000		1000		2000		0.208864
2000		3000		2000		0.417856
2000		0		2000		0.091124
2000		3000		2000		0.434224
2000		3000		2000		0.216800
2000		2000		2000		0.217296
4000		8000		4000		0.426288
2000		4000		2000		0.208864
2000		1000		2000		0.208864
2000		3000		2000		0.002093
2000		1000		2000		0.155525
2000		0		2000		0.317326
2000		0		2000		0.217296
2000		1000		2000		0.182607
2000		3000		2000		0.338798
2000		1000		2000		0.208864
2000		2000		2000		0.835648
2000		2000		2000		0.208864
2000		0		2000		0.107537
2000		2000		2000		0.208864
2000		2000		2000		0.208864
2000		0		2000		0.064598
2000		2000		2000		0.524601
2000		2000		2000		0.208864
2000		4000		2000		0.345483
2000		3000		2000		0.208864
2000		2000		2000		0.208864
2500		5000		2500		0.208864
2000		1000		2000		0.253013
2000		3000		2000		0.200368
2000		2000		2000		0.814345
2000		1000		2000		0.208864
2000		1000		2000		0.489578
2000		4000		2000		0.609296
2000		2000		2000		0.208864
2000		2000		2000		0.208864
12800		14000		12800		0.754382
3500		7000		3500		0.398342
2000		0		2000		0.217296
2000		3000		2000		0.225728
2000		2000		2000		0.208864
3500		7000		3500		0.208864
2000		1000		2000		0.123539
2500		5000		2500		0.145601
2500		5000		2500		0.766974
2000		0		2000		0.010313
2000		2000		2000		0.208864
2000		4000		2000		0.217296
2000		3000		2000		0.208864
2000		1000		2000		0.243223
2000		1000		2000		0.417792
2000		1000		2000		0.208864
2000		1000		2000		0.208864
2000		3000		2000		0.434592
2000		0		2000		0.102899
2000		2000		2000		0.208864
2000		2000		2000		0.793979
2000		2000		2000		0.237033
2000		2000		2000		0.208864
5000		10000		5000		0.465484
2000		2000		2000		0.766690
2000		4000		2000		0.272391
3000		6000		3000		0.417792
2000		1000		2000		0.075957
2000		1000		2000		0.087578
2000		2000		2000		0.208864
2000		1000		2000		0.208864
2000		3000		2000		0.225728
2000		1000		2000		0.208864
2000		3000		2000		0.208864
2000		0		2000		0.040682
2000		4000		2000		0.208864
2000		0		2000		0.058125
2000		2000		2000		0.626720
2000		3000		2000		0.898342
2500		5000		2500		0.217296
2000		3000		2000		0.208864
2000		3000		2000		0.208864
2500		5000		2500		0.688066
2000		3000		2000		0.844016
2000		1000		2000		0.208864
2000		3000		2000		0.895739
4000		8000		4000		0.365344
2000		2000		2000		0.217296
2000		1000		2000		0.038132
2000		2000		2000		0.073419
2000		4000		2000		0.669826
2000		4000		2000		0.186746
2000		2000		2000		0.208864
2000		1000		2000		0.826859
2000		1000		2000		0.205009
2000		0		2000		0.061290
2000		4000		2000		0.208864
2000		1000		2000		0.400928
2000		0		2000		0.031580
2000		1000		2000		0.208864
2000		4000		2000		0.234096
2000		1000		2000		0.835648
2000		2000		2000		0.208864
2000		2000		2000		0.434720
2000		1000		2000		0.208864
2000		2000		2000		0.490448
2000		2000		2000		0.208864
2000		2000		2000		0.208864
2000		3000		2000		0.267775
2000		2000		2000		0.911304
2000		2000		2000		0.217296
2000		2000		2000		0.136476
2000		1000		2000		0.208864
2000		1000		2000		0.046897
12800		14000		12800		0.251088
5000		10000		5000		0.426224
2000		4000		2000		0.191554
2000		3000		2000		0.217296
2000		3000		2000		0.771496
2000		3000		2000		0.217296
2000		1000		2000		0.134513
2000		0		2000		0.016485
2000		1000		2000		0.208864
2000		1000		2000		0.208864
2000		3000		2000		0.208864
2000		1000		2000		0.208864
2000		1000		2000		0.835648
2000		1000		2000		0.308579
2000		0		2000		0.068614
2000		1000		2000		0.257029
2000		3000		2000		0.208864
2000		3000		2000		0.208864
2000		2000		2000		0.434452
2000		1000		2000		0.400992
2000		3000		2000		0.423927
2000		4000		2000		0.208864
2500		5000		2500		0.124552
2000		3000		2000		0.417792
2000		1000		2000		0.208864
2000		1000		2000		0.208864
12000		13000		12000		0.468384
4500		9000		4500		0.409360
2000		3000		2000		0.916194
2000		3000		2000		0.726660
2000		1000		2000		0.102853
2000		4000		2000		0.208864
2000		1000		2000		0.208864
2000		3000		2000		0.241550
2000		2000		2000		0.859977
2500		5000		2500		0.050592
2000		1000		2000		0.706486
2000		3000		2000		0.217296
5000		10000		5000		0.251024
2000		4000		2000		0.208864
2000		2000		2000		0.208864
2000		3000		2000		0.400992
2000		2000		2000		0.208864
2000		3000		2000		0.706542
4500		9000		4500		0.267888
2000		4000		2000		0.208864
2000		2000		2000		0.835648
2000		3000		2000		0.208864
2000		3000		2000		0.033664
2000		1000		2000		0.208864
2000		4000		2000		0.426224
2000		0		2000		0.056949
2000		0		2000		0.094037
2000		3000		2000		0.217296
2000		2000		2000		0.208864
2000		4000		2000		0.208864
2000		3000		2000		0.560227
2000		2000		2000		0.609296
2000		2000		2000		0.208864
2000		1000		2000		0.208864
2000		2000		2000		0.463546
2500		5000		2500		0.643938
2000		4000		2000		0.409360
2000		3000		2000		0.698806
2000		1000		2000		0.208864
2000		1000		2000		0.116557
15200		18000		15200		0.265822
2000		4000		2000		0.145263
2000		1000		2000		0.218309
2000		1000		2000		0.182023
3000		6000		3000		0.242592
2000		1000		2000		0.191385
2000		2000		2000		0.306967
2000		4000		2000		0.225728
2000		2000		2000		0.208864
2000		0		2000		0.188058
2000		2000		2000		0.208864
2000		2000		2000		0.208864
2000		3000		2000		0.797921
2000		2000		2000		0.208864
2000		3000		2000		0.285776
2500		5000		2500		0.225728
2000		3000		2000		0.626720
2000		1000		2000		0.208864
3500		7000		3500		0.426352
2000		3000		2000		0.900492
2000		1000		2000		0.182626
2000		2000		2000		0.821927
17600		20000		17600		0.459952
13600		15000		13600		0.215493
2000		4000		2000		0.217296
2000		1000		2000		0.153687
2000		3000		2000		0.882593
2000		1000		2000		0.208864
2000		4000		2000		0.217296
2000		2000		2000		0.696264
2000		3000		2000		0.444827
2000		3000		2000		0.217296
2000		4000		2000		0.208864
2000		4000		2000		0.384533
2000		1000		2000		0.208864
2000		2000		2000		0.208864
2000		1000		2000		0.208864
2000		3000		2000		0.648565
2000		3000		2000		0.171079
13600		15000		13600		0.242528
6000		12000		6000		0.409488
2500		5000		2500		0.217296
2000		2000		2000		0.208864
2000		3000		2000		0.409424
2000		2000		2000		0.335547
3000		6000		3000		0.208864
2000		2000		2000		0.208864
2000		3000		2000		0.529529
2000		2000		2000		0.208864
2000		4000		2000		0.426288
2000		4000		2000		0.208864
2000		2000		2000		0.417792
2000		1000		2000		0.125395
2000		3000		2000		0.208864
2000		2000		2000		0.204939
2000		3000		2000		0.652793
2000		4000		2000		0.361707
2000		3000		2000		0.274164
2000		4000		2000		0.217296
14400		16000		14400		0.367200
11200		12000		11200		0.409552
5000		10000		5000		0.417984
2000		3000		2000		0.208864
2000		2000		2000		0.083625
2000		4000		2000		0.252328
2000		1000		2000		0.068696
2000		4000		2000		0.208864
2000		4000		2000		0.732142
2000		4000		2000		0.315943
2000		3000		2000		0.540930
3000		6000		3000		0.122373
2000		3000		2000		0.626720
3000		6000		3000		0.400992
2000		3000		2000		0.216800
2000		2000		2000		0.203501
2500		5000		2500		0.217296
2000		4000		2000		0.664194
2000		4000		2000		0.208864
12000		13000		12000		0.208864
5000		10000		5000		0.197655
2000		2000		2000		0.626720
2000		2000		2000		0.208864
2000		4000		2000		0.653676
2000		2000		2000		0.208864
2000		2000		2000		0.208864
2000		3000		2000		0.626720
2000		1000		2000		0.208864
2000		1000		2000		0.626720
2000		2000		2000		0.208864
2000		0		2000		0.089582
2000		0		2000		0.087398
2000		2000		2000		0.217296
2000		4000		2000		0.225728
2000		2000		2000		0.417856
2000		1000		2000		0.208864
2000		2000		2000		0.805950
2000		1000		2000		0.208864
2000		0		2000		0.043472
2000		2000		2000		0.426224
2000		2000		2000		0.208864
2000		2000		2000		0.417792
2000		4000		2000		0.208864
2000		3000		2000		0.626720
2000		2000		2000		0.222177
2000		4000		2000		0.731380
2000		2000		2000		0.208864
5500		11000		5500		0.672279
2000		2000		2000		0.208864
2000		4000		2000		0.828010
2000		3000		2000		0.453409
2000		4000		2000		0.811578
2000		3000		2000		0.208864
2000		1000		2000		0.208864
2000		1000		2000		0.094802
2000		1000		2000		0.208864
2000		2000		2000		0.208864
2000		1000		2000		0.936923
2000		1000		2000		0.208864
2000		3000		2000		0.409360
2000		2000		2000		0.409360
2000		1000		2000		0.161609
2000		3000		2000		0.958599
2000		3000		2000		0.835712
2000		2000		2000		0.458050
2000		1000		2000		0.939117
2000		0		2000		0.208864
2000		3000		2000		0.208864
2000		3000		2000		0.208864
2000		4000		2000		0.208864
2500		5000		2500		0.208864
12000		13000		12000		0.294995
2000		4000		2000		0.217296
2000		2000		2000		0.406542
2000		1000		2000		0.853423
2000		1000		2000		0.208864
2000		1000		2000		0.108545
2000		1000		2000		0.208864
2000		2000		2000		0.512627
2000		2000		2000		0.513874
2000		2000		2000		0.953088
2000		2000		2000		0.821600
2000		3000		2000		0.208864
2000		2000		2000		0.491284
2000		3000		2000		0.208864
2000		1000		2000		0.208864
2000		2000		2000		0.208864
2000		1000		2000		0.208864
2000		1000		2000		0.208864
2000		2000		2000		0.875754
2000		1000		2000		0.273460
2000		1000		2000		0.734450
2000		3000		2000		0.217296
2000		2000		2000		0.174322
2000		1000		2000		0.130112
2000		3000		2000		0.208864
2000		4000		2000		0.208864
2000		3000		2000		0.737385
2000		2000		2000		0.208864
2000		0		2000		0.075301
11200		12000		11200		0.626976
4500		9000		4500		0.208864
3000		6000		3000		0.409424
2000		3000		2000		0.404878
2000		4000		2000		0.443088
2000		1000		2000		0.139906
2000		4000		2000		0.626224
2000		3000		2000		0.325279
2000		1000		2000		0.441741
2500		5000		2500		0.217296
2000		2000		2000		0.112837
2000		2000		2000		0.129893
2000		2000		2000		0.915478
2000		2000		2000		0.217296
2000		1000		2000		0.208864
2000		2000		2000		0.856710
2000		1000		2000		0.311507
2000		1000		2000		0.208864
2000		2000		2000		0.808907
2500		5000		2500		0.208864
2000		3000		2000		0.208864
2000		2000		2000		0.208864
2000		2000		2000		0.208864
2000		2000		2000		0.207778
12000		11000		12000		0.468576
5500		11000		5500		0.594803
2000		2000		2000		0.208864
2000		1000		2000		0.289024
2000		2000		2000		0.717068
2000		2000		2000		0.208864
2000		4000		2000		0.217296
2000		3000		2000		0.304053
2000		0		2000		0.056328
2000		4000		2000		0.417856
2000		3000		2000		0.923871
2000		0		2000		0.071855
2000		2000		2000		0.208864
2000		1000		2000		0.208864
2000		1000		2000		0.835648
2000		1000		2000		0.208864
2000		2000		2000		0.208864
2000		2000		2000		0.208864
2000		1000		2000		0.178167
2000		1000		2000		0.178167
2500		5000		2500		0.842421
2000		1000		2000		0.473660
2000		1000		2000		0.206074
2500		5000		2500		0.834827
2000		1000		2000		0.208864
12000		13000		12000		0.409488
5500		11000		5500		0.350336
2000		4000		2000		0.125358
2000		2000		2000		0.208864
2000		3000		2000		0.217296
2000		1000		2000		0.444661
2000		2000		2000		0.446078
2000		3000		2000		0.208864
2000		2000		2000		0.723301
2000		3000		2000		0.208864
2000		2000		2000		0.208864
2000		3000		2000		0.409296
2000		1000		2000		0.940922
2000		3000		2000		0.033664
2000		2000		2000		0.208864
2000		2000		2000		0.208864
2000		0		2000		0.117985
2000		3000		2000		0.294938
2000		3000		2000		0.208864
2000		3000		2000		0.058534
2000		0		2000		0.064885
2000		1000		2000		0.518846
2000		2000		2000		0.208864
2000		0		2000		0.090079
2000		2000		2000		0.520265
2000		1000		2000		0.208864
2000		3000		2000		0.286728
2000		2000		2000		0.414951
4500		9000		4500		0.477458
2000		4000		2000		0.708973
2000		2000		2000		0.208864
2000		3000		2000		0.637478
2000		1000		2000		0.141007
2000		4000		2000		0.152069
2000		1000		2000		0.093414
2500		5000		2500		0.581307
2000		1000		2000		0.121496
2000		2000		2000		0.208864
2000		1000		2000		0.942575
2000		0		2000		0.098431
3500		7000		3500		0.208864
2000		2000		2000		0.661255
2500		5000		2500		0.208864
2000		1000		2000		0.104385
2000		3000		2000		0.409424
2000		3000		2000		0.842568
2000		2000		2000		0.208864
2000		4000		2000		0.939193
2000		3000		2000		0.742495
2000		4000		2000		0.251584
2000		0		2000		0.125046
5000		10000		5000		0.225728
2000		4000		2000		0.217296
2000		4000		2000		0.162790
2000		2000		2000		0.224138
2000		2000		2000		0.144756
2000		2000		2000		0.208864
2000		2000		2000		0.208864
2000		3000		2000		0.226224
2000		4000		2000		0.417792
2000		2000		2000		0.905087
2000		1000		2000		0.208864
2000		1000		2000		0.214812
2000		1000		2000		0.208864
2000		1000		2000		0.208864
2000		0		2000		0.117148
2000		1000		2000		0.886933
2000		1000		2000		0.208864
2000		2000		2000		0.472319
2000		1000		2000		0.200654
2000		4000		2000		0.418932
2500		5000		2500		0.343348
2000		1000		2000		0.125988
2000		3000		2000		0.208864
2000		4000		2000		0.835648
2000		3000		2000		0.725773
2000		4000		2000		0.208864
2000		1000		2000		0.208864
4500		9000		4500		0.426288
2000		3000		2000		0.217296
2000		3000		2000		0.110838
2000		2000		2000		0.408928
3000		6000		3000		0.434720
2000		4000		2000		0.217296
2000		3000		2000		0.208864
2000		3000		2000		0.857462
2000		2000		2000		0.208864
2000		4000		2000		0.242656
2000		4000		2000		0.163270
2000		3000		2000		0.208864
2000		2000		2000		0.904783
2000		1000		2000		0.172010
2000		3000		2000		0.208864
2000		0		2000		0.098536
2000		4000		2000		0.217296
2000		1000		2000		0.198819
2000		3000		2000		0.208864
2000		2000		2000		0.196716
2000		0		2000		0.078821
2000		0		2000		0.208864
2000		1000		2000		0.208864
2000		1000		2000		0.413482
2000		2000		2000		0.064680
5500		11000		5500		0.392496
2000		3000		2000		0.208864
2000		2000		2000		0.208864
2000		1000		2000		0.178604
2000		2000		2000		0.626720
2000		1000		2000		0.208864
5500		11000		5500		0.092752
3000		6000		3000		0.208864
2000		2000		2000		0.741849
2000		2000		2000		0.208864
2000		4000		2000		0.626720
2000		2000		2000		0.208864
2000		1000		2000		0.208864
2000		1000		2000		0.208864
2000		1000		2000		0.894004
2000		0		2000		0.095888
2000		2000		2000		0.425728
2000		0		2000		0.088645
2000		2000		2000		0.208864
2000		3000		2000		0.208864
2000		3000		2000		0.434592
2500		5000		2500		0.208864
5500		11000		5500		0.652016
2000		2000		2000		0.234032
2000		1000		2000		0.208864
2000		0		2000		0.208864
2000		1000		2000		0.208864
2000		2000		2000		0.471428
2000		0		2000		0.096158
2000		3000		2000		0.341429
2000		4000		2000		0.417792
2000		1000		2000		0.208864
2000		3000		2000		0.208864
2000		2000		2000		0.217296
2000		3000		2000		0.261991
2000		2000		2000		0.835648
2000		1000		2000		0.314990
2000		2000		2000		0.208864
2000		2000		2000		0.217296
2000		1000		2000		0.208864
2000		3000		2000		0.217296
2000		1000		2000		0.859232
2000		1000		2000		0.141936
2000		1000		2000		0.125008
2000		1000		2000		0.835648
2000		0		2000		0.118557
2000		3000		2000		0.409424
2000		1000		2000		0.208864
2000		2000		2000		0.208864
2000		1000		2000		0.208864
2000		1000		2000		0.208864
2000		4000		2000		0.208864
4500		9000		4500		0.409360
2000		4000		2000		0.033664
2000		2000		2000		0.208864
2000		0		2000		0.092559
2000		4000		2000		0.551998
2000		1000		2000		0.137565
2000		2000		2000		0.208864
2000		2000		2000		0.208864
2000		2000		2000		0.208864
2000		2000		2000		0.928510
2000		3000		2000		0.222196
2000		0		2000		0.055049
2000		2000		2000		0.248765
2000		3000		2000		0.208864
2000		1000		2000		0.208864
2000		1000		2000		0.208864
2000		2000		2000		0.208864
2000		1000		2000		0.867911
2000		2000		2000		0.208864
2000		1000		2000		0.208864
2000		4000		2000		0.417792
2000		3000		2000		0.217296
2000		3000		2000		0.208864
2000		1000		2000		0.056493
2000		2000		2000		0.048061
2000		2000		2000		0.104221
2000		4000		2000		0.835584
2000		3000		2000		0.208864
2000		2000		2000		0.415949
2000		1000		2000		0.132084
16800		19000		16800		0.259520
12800		15000		12800		0.417728
6000		12000		6000		0.189460
2000		2000		2000		0.311697
2000		1000		2000		0.400928
2000		2000		2000		0.409360
2000		1000		2000		0.190241
2000		0		2000		0.190241
2000		2000		2000		0.834685
2000		3000		2000		0.207550
2000		3000		2000		0.034096
2000		3000		2000		0.208864
2000		4000		2000		0.189106
3000		6000		3000		0.485952
2000		1000		2000		0.208864
2000		1000		2000		0.136102
2000		2000		2000		0.867429
2000		1000		2000		0.139185
2000		1000		2000		0.178019
2000		2000		2000		0.208864
2000		2000		2000		0.208864
2000		2000		2000		0.208864
12800		14000		12800		0.225728
4000		8000		4000		0.208864
3000		6000		3000		0.131817
2000		1000		2000		0.085245
2500		5000		2500		0.218637
2000		2000		2000		0.208864
2000		0		2000		0.208864
2000		3000		2000		0.417792
2000		1000		2000		0.208864
2000		3000		2000		0.399311
2000		4000		2000		0.217296
2000		2000		2000		0.217296
2000		4000		2000		0.166302
3000		6000		3000		0.414355
2000		2000		2000		0.409360
2000		2000		2000		0.507285
3000		6000		3000		0.208864
2000		1000		2000		0.208864
2000		4000		2000		0.842439
3500		7000		3500		0.469026
2000		2000		2000		0.208864
2000		4000		2000		0.833435
2000		4000		2000		0.217296
2000		2000		2000		0.208864
2000		0		2000		0.005333
2000		3000		2000		0.217296
2000		1000		2000		0.208864
2000		4000		2000		0.835648
2500		5000		2500		0.225728
2000		0		2000		0.092385
2000		2000		2000		0.429020
2000		1000		2000		0.186074
2000		3000		2000		0.409296
2000		0		2000		0.077730
2000		1000		2000		0.258193
2000		3000		2000		0.618416
2000		1000		2000		0.086633
2000		1000		2000		0.950611
2000		1000		2000		0.208864
2000		1000		2000		0.208864
2000		2000		2000		0.208864
2000		2000		2000		0.835648
2000		1000		2000		0.835152
2000		1000		2000		0.217296
2000		2000		2000		0.208864
2000		2000		2000		0.208864
2000		1000		2000		0.363667
2000		0		2000		0.034000
2000		1000		2000		0.208864
2000		1000		2000		0.208864
16000		19000		16000		0.276384
12800		15000		12800		0.375632
4000		8000		4000		0.549435
2000		3000		2000		0.352945
2000		2000		2000		0.208864
2000		2000		2000		0.208864
2000		2000		2000		0.437596
2000		1000		2000		0.470878
2000		2000		2000		0.208864
3000		6000		3000		0.634592
2000		2000		2000		0.208864
2000		1000		2000		0.208864
2000		2000		2000		0.683048
2000		2000		2000		0.047768
2000		2000		2000		0.303615
2000		0		2000		0.208864
2000		3000		2000		0.225728
2000		1000		2000		0.208864
2000		3000		2000		0.732376
2000		2000		2000		0.764153
2000		2000		2000		0.208864
2000		1000		2000		0.417792
2000		2000		2000		0.208864
2000		1000		2000		0.208864
12000		14000		12000		0.443216
5000		10000		5000		0.318608
3000		6000		3000		0.431844
2000		1000		2000		0.187789
2000		4000		2000		0.424297
2000		4000		2000		0.208864
2000		4000		2000		0.646586
2000		2000		2000		0.417792
2000		4000		2000		0.208864
2000		2000		2000		0.208864
3000		6000		3000		0.251088
2000		2000		2000		0.208864
2000		1000		2000		0.208864
2000		3000		2000		0.217296
2000		1000		2000		0.207691
2000		4000		2000		0.427044
2000		4000		2000		0.208864
2000		3000		2000		0.190247
2000		2000		2000		0.417856
2000		0		2000		0.208864
12000		13000		12000		0.225728
5000		10000		5000		0.217232
2000		4000		2000		0.835648
2000		3000		2000		0.208864
2000		1000		2000		0.935727
2000		1000		2000		0.208864
2000		4000		2000		0.217296
2000		2000		2000		0.208864
2000		3000		2000		0.497346
3000		6000		3000		0.439520
2000		4000		2000		0.208864
2000		4000		2000		0.208864
3500		7000		3500		0.177655
2000		1000		2000		0.112655
2000		2000		2000		0.426288
2000		2000		2000		0.255421
2000		2000		2000		0.737425
3000		6000		3000		0.459952
2000		2000		2000		0.225728
2000		3000		2000		0.208864
2000		0		2000		0.024914
2000		2000		2000		0.417792
20800		25000		20800		0.426352
16000		19000		16000		0.291376
12800		14000		12800		0.208864
5000		10000		5000		0.352400
3000		6000		3000		0.117138
2000		3000		2000		0.225792
2000		3000		2000		0.835712
2000		1000		2000		0.208864
2000		1000		2000		0.208864
2000		2000		2000		0.626720
2000		0		2000		0.089203
2000		4000		2000		0.862059
2000		1000		2000		0.871036
2000		2000		2000		0.208864
2000		2000		2000		0.948542
2000		2000		2000		0.208864
2000		0		2000		0.118776
2000		2000		2000		0.484590
2000		2000		2000		0.208864
2000		3000		2000		0.208864
2500		5000		2500		0.635088
2000		3000		2000		0.417792
2000		2000		2000		0.950691
12000		13000		12000		0.276384
5000		10000		5000		0.208864
2500		5000		2500		0.635152
2000		3000		2000		0.409424
2000		1000		2000		0.208864
2000		3000		2000		0.522960
3000		6000		3000		0.242592
2000		2000		2000		0.482117
2500		5000		2500		0.651022
2000		4000		2000		0.835648
2000		3000		2000		0.208864
2000		1000		2000		0.835648
3000		6000		3000		0.217232
2000		2000		2000		0.323364
2000		2000		2000		0.208864
2000		0		2000		0.098649
2000		0		2000		0.098649
2000		3000		2000		0.217296
2000		4000		2000		0.201480
2000		1000		2000		0.790670
2000		4000		2000		0.206629
2000		0		2000		0.139004
2000		2000		2000		0.626720
12800		14000		12800		0.582197
2000		4000		2000		0.208864
2000		3000		2000		0.417856
2000		2000		2000		0.208864
2000		1000		2000		0.318209
2000		2000		2000		0.217296
2000		1000		2000		0.208864
2000		1000		2000		0.208864
2000		3000		2000		0.792500
2000		2000		2000		0.208864
2000		1000		2000		0.208864
2000		1000		2000		0.312336
2000		0		2000		0.094976
2000		3000		2000		0.208864
2000		1000		2000		0.789586
2000		2000		2000		0.208864
3000		6000		3000		0.259456
2000		3000		2000		0.141755
2000		2000		2000		0.208864
2000		3000		2000		0.208864
2000		0		2000		0.007944
2000		1000		2000		0.157099
2000		1000		2000		0.204088
2000		2000		2000		0.443662
2000		1000		2000		0.835648
2000		3000		2000		0.217232
2000		1000		2000		0.115144
2000		2000		2000		0.941092
2000		2000		2000		0.225664
5500		11000		5500		0.609984
2000		4000		2000		0.810224
2000		0		2000		0.208864
2000		3000		2000		0.434160
2000		2000		2000		0.417792
2000		2000		2000		0.609360
2000		0		2000		0.208864
2000		0		2000		0.208864
2000		3000		2000		0.417792
2000		4000		2000		0.481080
2000		2000		2000		0.208864
2000		2000		2000		0.409360
2000		2000		2000		0.793408
2000		2000		2000		0.441978
2000		1000		2000		0.208864
2000		1000		2000		0.208864
2000		3000		2000		0.417792
2000		1000		2000		0.409360
2000		1000		2000		0.208864
2000		3000		2000		0.225232
2000		4000		2000		0.417792
2500		5000		2500		0.586376
3500		7000		3500		0.417792
12800		14000		12800		0.468448
5000		10000		5000		0.604062
2000		4000		2000		0.208864
2000		2000		2000		0.827008
2000		2000		2000		0.773829
2000		3000		2000		0.208864
2000		0		2000		0.080907
2000		0		2000		0.196058
2000		3000		2000		0.025232
2000		1000		2000		0.208864
2000		1000		2000		0.075093
2000		3000		2000		0.241312
2000		1000		2000		0.208864
2000		2000		2000		0.174318
3500		7000		3500		0.352790
2000		2000		2000		0.208864
2000		1000		2000		0.199568
2000		1000		2000		0.297201
2000		2000		2000		0.069177
2000		3000		2000		0.216800
2000		0		2000		0.066274
2000		1000		2000		0.208864
2000		3000		2000		0.354577
2000		2000		2000		0.835648
2000		4000		2000		0.208864
2000		0		2000		0.076909
4500		9000		4500		0.356912
2000		1000		2000		0.093898
3000		6000		3000		0.434656
2500		5000		2500		0.208864
2000		3000		2000		0.774026
2000		3000		2000		0.945476
3500		7000		3500		0.312827
2000		0		2000		0.028862
2000		0		2000		0.217296
2000		1000		2000		0.208864
2000		2000		2000		0.499747
2000		1000		2000		0.290819
2000		1000		2000		0.208864
2000		0		2000		0.103095
2000		3000		2000		0.105096
2000		3000		2000		0.208864
2000		1000		2000		0.208864
2000		1000		2000		0.403533
2500		5000		2500		0.568655
2000		1000		2000		0.059071
2000		3000		2000		0.165825
2000		2000		2000		0.626720
2000		1000		2000		0.512043
2000		1000		2000		0.208864
2000		1000		2000		0.163265
2000		1000		2000		0.187809
2000		4000		2000		0.648941
5000		10000		5000		0.392432
2000		4000		2000		0.132914
2000		2000		2000		0.179493
2000		2000		2000		0.849086
2000		1000		2000		0.172215
2000		0		2000		0.089505
2000		3000		2000		0.426288
2000		3000		2000		0.392496
2000		3000		2000		0.628828
2000		4000		2000		0.033664
2000		1000		2000		0.208864
2000		1000		2000		0.494708
2000		1000		2000		0.208864
2000		1000		2000		0.208864
2000		0		2000		0.046252
2000		3000		2000		0.849077
2000		3000		2000		0.304302
2000		2000		2000		0.743662
2500		5000		2500		0.786000
3000		6000		3000		0.225728
2000		2000		2000		0.434720
2000		3000		2000		0.926896
2000		0		2000		0.098884
2000		2000		2000		0.939531
2000		1000		2000		0.474941
2000		1000		2000		0.208864
12000		12000		12000		0.417792
5000		10000		5000		0.409424
2000		4000		2000		0.634656
2000		3000		2000		0.208864
2500		5000		2500		0.171594
2000		4000		2000		0.577504
2000		2000		2000		0.419584
2000		2000		2000		0.626720
2000		3000		2000		0.686933
2000		2000		2000		0.835152
2000		2000		2000		0.417792
2000		0		2000		0.299361
2000		1000		2000		0.527515
2000		0		2000		0.110155
2000		1000		2000		0.456596
2000		1000		2000		0.208864
2000		2000		2000		0.217296
3000		6000		3000		0.408251
2000		3000		2000		0.208864
2000		2000		2000		0.425728
2000		1000		2000		0.907891
2000		1000		2000		0.208864
2000		0		2000		0.033598
2000		4000		2000		0.208864
15200		17000		15200		0.324976
12000		11000		12000		0.217296
4500		9000		4500		0.198551
2000		1000		2000		0.053262
2000		3000		2000		0.225728
2000		1000		2000		0.208864
2000		2000		2000		0.626720
2000		1000		2000		0.835648
2000		0		2000		0.097103
2000		3000		2000		0.409424
2000		1000		2000		0.208864
2000		0		2000		0.073182
2000		1000		2000		0.208864
2000		0		2000		0.073182
2500		5000		2500		0.217296
2000		3000		2000		0.208864
2000		4000		2000		0.766548
2000		3000		2000		0.217232
2000		3000		2000		0.376144
2000		2000		2000		0.208864
2000		0		2000		0.208864
2000		1000		2000		0.426224
2000		1000		2000		0.174359
2000		3000		2000		0.721540
2000		1000		2000		0.199766
2000		2000		2000		0.208864
2000		2000		2000		0.730175
2000		2000		2000		0.057070
12000		13000		12000		0.476880
5000		10000		5000		9.531850
2000		3000		2000		0.225728
2000		3000		2000		2.121550
2000		1000		2000		0.208864
2000		1000		2000		0.608864
2000		3000		2000		0.208864
3500		7000		3500		0.628811
2000		1000		2000		0.208864
2000		1000		2000		0.208864
2000		2000		2000		0.208864
2000		1000		2000		0.145142
2000		3000		2000		0.448993
2000		2000		2000		0.208864
2000		2000		2000		0.208864
2000		1000		2000		0.878710
2000		2000		2000		0.208864
2000		1000		2000		0.208864
2000		2000		2000		0.208864
2000		2000		2000		0.409360
2000		1000		2000		0.055477
2000		2000		2000		0.425728
2000		3000		2000		0.217296
2000		3000		2000		0.208864
2000		2000		2000		0.208864
4500		9000		4500		0.720178
2000		1000		2000		0.043674
2000		1000		2000		0.670458
2000		3000		2000		0.188407
2000		3000		2000		0.208864
2500		5000		2500		0.832810
2000		3000		2000		0.208864
2000		1000		2000		0.317552
2000		2000		2000		0.835648
2000		1000		2000		0.208864
2000		2000		2000		0.208864
2000		3000		2000		0.033664
2000		1000		2000		0.409360
2000		2000		2000		0.208864
2000		2000		2000		0.208864
2000		1000		2000		0.085816
2000		2000		2000		0.208864
2000		4000		2000		0.217296
3000		6000		3000		0.633196
2000		2000		2000		0.208864
2000		0		2000		0.031904
2500		5000		2500		0.217296
2500		5000		2500		0.434656
2000		0		2000		0.082764
12000		13000		12000		0.477008
5500		11000		5500		0.234224
2000		4000		2000		7.890800
2000		1000		2000		0.208864
2000		4000		2000		1.044640
2000		1000		2000		0.626720
2000		3000		2000		0.771442
2000		4000		2000		0.225728
2000		1000		2000		0.113158
2000		3000		2000		0.208864
2000		1000		2000		0.208864
2000		1000		2000		0.208864
2000		0		2000		0.130337
2000		1000		2000		0.452737
2000		1000		2000		0.835648
2000		1000		2000		0.208864
2000		2000		2000		0.208864
2500		5000		2500		0.553694
2000		3000		2000		0.225792
2000		4000		2000		0.426288
2000		2000		2000		0.208864
2000		3000		2000		0.323840
2000		1000		2000		0.208864
2000		3000		2000		0.208864
2000		0		2000		0.022218
2000		2000		2000		0.208864
2000		0		2000		0.052714
2000		1000		2000		0.818271
2000		2000		2000		0.208864
5000		10000		5000		0.434784
2000		4000		2000		0.417856
2000		4000		2000		0.208864
2500		5000		2500		0.401637
2000		4000		2000		0.733094
2000		1000		2000		0.068590
2000		2000		2000		0.208864
2000		2000		2000		0.324223
2000		2000		2000		0.678436
2000		4000		2000		0.266574
2000		2000		2000		0.097535
3000		6000		3000		0.205551
2000		3000		2000		0.133983
2000		1000		2000		0.208864
2000		0		2000		0.095491
2000		3000		2000		0.225856
2000		1000		2000		0.096296
2000		0		2000		0.104856
2000		2000		2000		0.208864
2000		0		2000		0.009196
2000		3000		2000		0.217296
2000		0		2000		0.208864
2000		3000		2000		0.217296
2000		2000		2000		0.417792
12000		12000		12000		0.669136
5500		11000		5500		0.246142
2500		5000		2500		0.392924
2000		3000		2000		0.947648
2000		2000		2000		0.208864
2000		1000		2000		0.207516
2000		2000		2000		0.477378
2000		2000		2000		0.208864
2000		2000		2000		0.217296
2000		1000		2000		0.208864
2000		1000		2000		0.179705
2000		2000		2000		0.847708
2000		2000		2000		0.225482
2000		3000		2000		0.190667
3000		6000		3000		0.609920
2000		2000		2000		0.208864
3000		6000		3000		0.434656
2000		2000		2000		0.208864
2000		0		2000		0.063616
2000		2000		2000		0.208864
2000		1000		2000		0.215427
2000		4000		2000		0.208864
2000		3000		2000		0.409424
12000		13000		12000		0.322048
2000		3000		2000		0.011767
2500		5000		2500		0.401956
2000		2000		2000		0.208864
2000		1000		2000		0.208864
2000		4000		2000		0.773755
2000		3000		2000		0.160831
2000		1000		2000		0.208864
2000		3000		2000		0.308879
2000		3000		2000		0.217296
2000		3000		2000		0.524878
2000		1000		2000		0.906807
2000		0		2000		0.208864
2000		2000		2000		0.835648
2000		1000		2000		0.208864
2000		3000		2000		0.217296
2000		1000		2000		0.208864
2000		0		2000		0.102587
2000		3000		2000		0.635152
2000		1000		2000		0.924772
2000		4000		2000		0.208864
2000		3000		2000		0.741473
2000		1000		2000		0.145535
2500		5000		2500		0.208864
13600		15000		13600		0.434656
5500		11000		5500		0.208864
2000		4000		2000		0.208864
2000		0		2000		0.028598
2000		2000		2000		0.257026
2000		2000		2000		0.609296
2500		5000		2500		0.417792
2500		5000		2500		0.208864
2000		1000		2000		0.220334
2000		3000		2000		0.217296
2000		2000		2000		0.208864
2000		1000		2000		0.208864
2000		3000		2000		0.208864
2000		3000		2000		0.400928
2000		1000		2000		0.208864
2000		2000		2000		0.151548
2000		2000		2000		0.112289
2000		0		2000		0.066039
2000		1000		2000		0.208864
2000		3000		2000		0.208864
2000		1000		2000		0.208864
2000		1000		2000		0.506418
2000		2000		2000		0.208864
2000		1000		2000		0.208864
2000		4000		2000		0.936237
2000		4000		2000		0.208864
5000		10000		5000		0.626848
2000		4000		2000		0.626720
2000		2000		2000		6.005060
2000		4000		2000		0.217296
2000		1000		2000		1.445630
2000		1000		2000		0.208864
2000		3000		2000		0.217296
2000		1000		2000		0.208864
2000		2000		2000		0.409424
2000		0		2000		0.099004
3000		6000		3000		0.276448
2000		2000		2000		0.367634
2000		0		2000		0.013224
2000		1000		2000		0.773342
2500		5000		2500		0.217232
2000		3000		2000		0.634656
2000		2000		2000		0.208864
2000		1000		2000		0.208864
2500		5000		2500		0.779525
2000		3000		2000		0.216800
2000		1000		2000		0.325252
2000		2000		2000		0.208864
2000		2000		2000		0.208864
2000		2000		2000		0.919993
2000		2000		2000		0.409360
2000		4000		2000		0.740950
2000		3000		2000		0.217296
5000		10000		5000		0.434720
2000		4000		2000		0.208864
4000		8000		4000		0.217296
2000		2000		2000		0.082361
2000		1000		2000		0.074047
2500		5000		2500		0.192074
3500		7000		3500		0.417296
2000		2000		2000		0.208864
2000		2000		2000		0.327407
2500		5000		2500		0.353482
2000		3000		2000		0.851757
2000		2000		2000		0.306036
2000		2000		2000		0.348028
2000		2000		2000		0.032298
2000		4000		2000		0.217296
2000		4000		2000		0.033664
2000		1000		2000		0.208864
5500		11000		5500		0.434784
2000		2000		2000		0.409360
2000		3000		2000		0.208864
2000		3000		2000		0.033664
2000		1000		2000		2.530890
2000		1000		2000		0.208864
2000		2000		2000		0.208864
2000		3000		2000		0.765155
2000		2000		2000		0.875953
2000		1000		2000		0.408864
2000		1000		2000		0.208864
2000		0		2000		0.114832
2000		1000		2000		0.208864
2000		2000		2000		0.396622
2000		2000		2000		0.208864
2000		2000		2000		0.871193
2000		2000		2000		0.626720
2000		2000		2000		0.208864
2000		3000		2000		0.216800
2000		2000		2000		0.390939
2000		3000		2000		0.515959
2000		3000		2000		0.208864
2000		3000		2000		0.216800
2000		1000		2000		0.108069
2000		4000		2000		0.636560
2000		2000		2000		0.828133
2000		2000		2000		0.725061
2500		5000		2500		0.358225
2000		1000		2000		0.408864
2000		2000		2000		0.208864
5000		10000		5000		0.217232
2000		3000		2000		0.202261
2000		2000		2000		0.151120
2000		1000		2000		0.208864
2000		3000		2000		0.902720
2000		2000		2000		0.417792
2500		5000		2500		0.251152
2000		4000		2000		0.208864
2000		1000		2000		0.208864
2000		1000		2000		0.417792
2000		1000		2000		0.208864
2000		1000		2000		0.208864
2000		2000		2000		0.208864
2000		2000		2000		0.208864
2000		3000		2000		0.409360
2000		1000		2000		0.208864
2000		0		2000		0.029479
2000		2000		2000		0.208864
2500		5000		2500		0.425728
2000		3000		2000		0.208864
2000		3000		2000		0.613049
2000		3000		2000		0.208864
2000		1000		2000		0.088502
2000		1000		2000		0.208864
2000		2000		2000		0.208864
2000		1000		2000		0.362963
2000		4000		2000		0.208864
4000		8000		4000		0.365344
2000		0		2000		0.130239
2000		3000		2000		0.695696
2000		2000		2000		0.043680
2000		3000		2000		0.208864
2000		2000		2000		0.444615
2000		3000		2000		0.516302
2000		1000		2000		0.208864
2000		1000		2000		0.497019
2000		4000		2000		0.217296
2000		0		2000		0.132647
2500		5000		2500		0.225728
2000		3000		2000		0.217232
2000		3000		2000		0.208864
2000		1000		2000		0.208864
2000		1000		2000		0.132375
2000		1000		2000		0.208864
2000		1000		2000		0.924387
15200		17000		15200		0.341840
12000		11000		12000		0.417856
5500		11000		5500		0.200432
2000		4000		2000		0.208864
2000		1000		2000		0.053766
2500		5000		2500		0.408864
2000		4000		2000		0.208864
2500		5000		2500		0.781392
2000		2000		2000		0.208864
2000		1000		2000		0.426224
2000		0		2000		0.037157
2000		1000		2000		0.168790
2000		1000		2000		0.135382
2000		3000		2000		0.033664
2000		2000		2000		0.208864
2000		3000		2000		0.234886
2000		1000		2000		0.017525
2000		4000		2000		0.208864
2000		0		2000		0.191376
2000		2000		2000		0.208864
2000		3000		2000		0.217296
2000		1000		2000		0.347183
2000		2000		2000		0.943935
4500		9000		4500		0.720178
2000		2000		2000		0.208864
2000		1000		2000		0.672360
2000		1000		2000		0.138991
2000		4000		2000		0.208864
2000		1000		2000		0.018004
2000		4000		2000		0.208864
2000		3000		2000		0.208864
2000		1000		2000		0.721165
2000		3000		2000		0.265016
3000		6000		3000		0.208864
2000		0		2000		0.001681
2000		3000		2000		0.425664
2000		1000		2000		0.176345
2000		1000		2000		0.174354
2000		4000		2000		0.635152
2000		2000		2000		0.694493
2000		3000		2000		0.731267
2000		1000		2000		0.268494
2000		1000		2000		0.169365
2000		1000		2000		0.411785
2000		3000		2000		0.217296
2000		1000		2000		0.835648
2000		2000		2000		0.835648
2000		0		2000		0.088375
2000		3000		2000		0.208864
2000		1000		2000		0.208864
2000		2000		2000		0.208864
4500		9000		4500		0.400992
2500		5000		2500		0.217296
2000		1000		2000		0.417792
2000		1000		2000		0.290420
2000		1000		2000		0.256395
2000		0		2000		0.082414
2000		2000		2000		0.208864
2000		4000		2000		0.217296
2000		3000		2000		0.208864
4000		8000		4000		0.400992
2000		4000		2000		0.409424
2000		1000		2000		0.835648
2000		4000		2000		0.417792
2000		3000		2000		0.217296
2000		3000		2000		0.208864
2000		0		2000		0.048123
3500		7000		3500		0.414200
2000		2000		2000		0.450605
2000		2000		2000		0.208864
2000		2000		2000		0.208864
2000		2000		2000		0.359312
23200		27000		23200		0.529472
18400		22000		18400		0.392237
2500		5000		2500		0.350144
2000		4000		2000		0.208864
2000		1000		2000		0.695716
2000		3000		2000		0.208864
2000		0		2000		0.102680
2000		1000		2000		0.835648
2000		1000		2000		0.208864
2000		2000		2000		0.897489
2000		4000		2000		0.208864
2000		0		2000		0.208864
2000		3000		2000		0.478217
2000		2000		2000		0.208864
2000		2000		2000		0.208864
2000		2000		2000		0.208864
2000		2000		2000		0.436675
2500		5000		2500		0.217296
2000		4000		2000		0.208864
5000		10000		5000		0.680015
2000		2000		2000		0.187410
2000		3000		2000		0.370075
2000		3000		2000		0.253297
2000		4000		2000		0.217296
2000		0		2000		0.028900
2000		3000		2000		0.208864
2000		4000		2000		0.735146
2000		3000		2000		0.683980
2000		3000		2000		0.260441
2000		1000		2000		0.096172
2000		1000		2000		0.069427
2000		2000		2000		0.208864
2000		1000		2000		0.114112
2000		4000		2000		0.902454
2000		2000		2000		0.409424
2000		2000		2000		0.945158
2000		1000		2000		0.255583
2000		0		2000		0.217296
2000		2000		2000		0.408928
2000		3000		2000		0.290329
2000		4000		2000		0.217296
2000		0		2000		0.061424
2000		2000		2000		0.521010
3000		6000		3000		0.651839
5500		11000		5500		0.409360
2000		3000		2000		0.217296
2000		1000		2000		0.200266
2000		2000		2000		0.208864
2000		2000		2000		0.151347
3500		7000		3500		0.208864
2000		3000		2000		0.691462
2000		1000		2000		0.095228
2000		2000		2000		0.877216
2000		1000		2000		0.208864
2000		1000		2000		0.125362
2000		1000		2000		0.208864
2000		4000		2000		0.464298
2000		0		2000		0.150906
2000		4000		2000		0.208864
2000		2000		2000		0.208864
2000		3000		2000		0.850569
2000		2000		2000		0.208864
2000		1000		2000		0.122855
2000		1000		2000		0.208864
2000		2000		2000		0.208864
2000		2000		2000		0.409424
2000		2000		2000		0.208864
2000		4000		2000		0.208864
2000		1000		2000		0.121697
5500		11000		5500		0.417792
2000		3000		2000		0.632868
2000		3000		2000		0.216800
2000		2000		2000		0.767131
2000		3000		2000		0.434160
2000		2000		2000		0.626720
2000		2000		2000		0.208864
2000		1000		2000		0.208864
2500		5000		2500		0.643088
2000		4000		2000		0.208864
2000		2000		2000		0.208864
2000		0		2000		0.081609
2000		3000		2000		0.843584
2000		0		2000		0.068210
2000		1000		2000		0.046722
2000		2000		2000		0.208864
2000		2000		2000		0.857131
2000		4000		2000		0.635088
2000		2000		2000		0.208864
2000		4000		2000		0.635152
2000		4000		2000		0.634656
2000		1000		2000		0.179510
2500		5000		2500		0.626656
2500		5000		2500		0.234096
2000		0		2000		0.094704
2000		0		2000		0.208864
12800		15000		12800		0.576320
5000		10000		5000		0.149712
2000		4000		2000		0.485750
2000		1000		2000		0.067182
2000		1000		2000		0.112249
2000		3000		2000		0.635152
2000		3000		2000		0.217296
2000		1000		2000		0.150935
2000		3000		2000		0.196512
2000		2000		2000		0.208864
2000		2000		2000		0.208864
2000		3000		2000		0.236893
2000		2000		2000		0.167291
2000		2000		2000		0.208864
2000		3000		2000		0.392496
2000		4000		2000		0.217296
2000		2000		2000		0.208864
2000		2000		2000		0.208864
2000		2000		2000		0.609296
2000		1000		2000		0.208864
2000		1000		2000		0.884111
2000		1000		2000		0.626720
2000		4000		2000		0.626720
2000		2000		2000		0.491264
2000		0		2000		0.060072
2000		2000		2000		0.609296
2000		1000		2000		0.942740
2000		1000		2000		0.208864
2000		0		2000		0.007415
2000		4000		2000		0.417856
11200		12000		11200		0.208864
5000		10000		5000		0.426288
2000		3000		2000		0.208864
2000		2000		2000		0.208864
2000		1000		2000		0.208864
2000		1000		2000		0.506852
2000		3000		2000		0.409296
2000		1000		2000		0.208864
2000		2000		2000		0.217296
2000		1000		2000		0.180195
2000		4000		2000		0.134706
2000		2000		2000		0.777513
2000		1000		2000		0.712091
2000		4000		2000		0.208864
2000		2000		2000		0.418108
2000		4000		2000		0.383568
2000		1000		2000		0.208864
2000		3000		2000		0.208864
2000		1000		2000		0.208864
2000		0		2000		0.208864
2000		0		2000		0.096074
2000		2000		2000		0.208864
2000		4000		2000		0.033664
2000		2000		2000		0.208864
2000		0		2000		0.091540
2000		1000		2000		0.208864
2000		1000		2000		0.208864
2000		2000		2000		0.208864
2000		2000		2000		0.462638
2000		2000		2000		0.417856
4500		9000		4500		0.400992
2500		5000		2500		0.843584
2000		4000		2000		0.417792
2000		1000		2000		0.148834
2000		3000		2000		0.208864
2000		3000		2000		0.675300
2000		3000		2000		0.217296
2000		3000		2000		0.780355
2000		3000		2000		0.217296
2000		1000		2000		0.409360
2000		0		2000		0.017210
2000		1000		2000		0.835648
2000		4000		2000		0.216864
2000		1000		2000		0.208864
2500		5000		2500		0.208864
2000		2000		2000		0.208864
2500		5000		2500		0.208864
2000		3000		2000		0.208864
2500		5000		2500		0.208864
2000		1000		2000		0.053013
2000		0		2000		0.006169
12000		13000		12000		0.643776
5500		11000		5500		0.400992
2000		3000		2000		0.208864
2000		3000		2000		0.525085
2000		4000		2000		0.208864
2000		2000		2000		0.930278
2000		1000		2000		0.208864
2000		3000		2000		0.806860
2000		2000		2000		0.208864
2000		4000		2000		0.196249
2000		1000		2000		0.141527
2000		0		2000		0.091166
2000		2000		2000		0.208864
2000		2000		2000		0.481399
3000		6000		3000		0.217296
3500		7000		3500		0.621373
2000		4000		2000		0.668528
2000		1000		2000		0.177784
2000		2000		2000		0.809579
2000		2000		2000		0.208864
2500		5000		2500		0.409424
4000		8000		4000		0.365344
2000		1000		2000		0.102834
2000		4000		2000		0.208864
2000		2000		2000		0.170504
2000		1000		2000		0.208864
2000		1000		2000		0.168137
2000		1000		2000		0.131935
2000		3000		2000		0.417792
2500		5000		2500		0.417856
2000		3000		2000		0.216800
2000		1000		2000		0.208864
2000		2000		2000		0.497497
2000		3000		2000		0.471202
3500		7000		3500		0.217296
2000		4000		2000		0.757750
2000		2000		2000		0.208864
2000		0		2000		0.217296
2500		5000		2500		0.234096
2000		3000		2000		0.254643
2000		2000		2000		0.208864
2000		2000		2000		0.208864
2000		1000		2000		0.208864
2000		1000		2000		0.126798
2000		4000		2000		0.217296
2000		2000		2000		0.208864
17600		20000		17600		0.401056
13600		15000		13600		0.324976
5500		11000		5500		0.273723
2000		1000		2000		0.208864
2000		1000		2000		0.915575
2000		1000		2000		0.208864
2000		2000		2000		0.208864
2000		3000		2000		0.208864
2000		1000		2000		0.016731
2000		1000		2000		0.208864
2000		3000		2000		0.208864
2000		1000		2000		0.208864
2000		0		2000		0.094904
2000		1000		2000		0.835648
2000		2000		2000		0.208864
2000		2000		2000		0.409424
2000		0		2000		0.064109
2000		1000		2000		0.235147
2000		1000		2000		0.155794
2500		5000		2500		0.544721
2000		1000		2000		0.335729
2500		5000		2500		0.140967
2000		4000		2000		0.815900
2000		2000		2000		0.208864
18400		21000		18400		0.417856
14400		16000		14400		0.234224
11200		12000		11200		0.208864
5000		10000		5000		0.567568
2000		4000		2000		0.259520
2000		1000		2000		0.208864
2000		2000		2000		1.014580
2000		1000		2000		0.208864
2000		2000		2000		0.409424
2000		1000		2000		0.208864
2000		3000		2000		0.208864
2000		1000		2000		0.208864
2000		4000		2000		0.409424
2000		3000		2000		0.879648
2000		3000		2000		0.455813
2500		5000		2500		0.217296
2000		4000		2000		0.694159
2000		1000		2000		0.217296
2000		2000		2000		0.208864
2000		1000		2000		0.208864
2000		1000		2000		0.253019
2000		2000		2000		0.208864
14400		16000		14400		0.259392
12000		12000		12000		0.451584
5500		11000		5500		0.626912
2000		2000		2000		0.950303
2000		4000		2000		0.491875
2000		1000		2000		0.967897
2000		3000		2000		0.217296
2000		3000		2000		0.417792
2000		1000		2000		0.208864
2000		1000		2000		0.208864
2000		1000		2000		0.208864
2000		3000		2000		0.216800
2000		2000		2000		0.409360
2000		2000		2000		0.208864
2000		3000		2000		0.216800
2000		1000		2000		0.409360
2000		2000		2000		0.208864
2000		1000		2000		0.100596
2000		2000		2000		0.508141
2000		2000		2000		0.208864
2000		3000		2000		0.217296
2000		1000		2000		0.783301
2500		5000		2500		0.626720
2000		1000		2000		0.208864
11200		12000		11200		0.443152
5000		10000		5000		0.635280
2000		2000		2000		0.417792
2000		1000		2000		0.208864
2500		5000		2500		0.643584
2000		0		2000		0.208864
2500		5000		2500		0.848356
2000		1000		2000		0.208864
2000		0		2000		0.042833
2000		2000		2000		0.968703
2000		2000		2000		0.774488
2000		0		2000		0.208864
2000		3000		2000		0.417792
2000		3000		2000		0.241299
2000		2000		2000		0.208864
2000		2000		2000		0.409424
2000		1000		2000		0.208864
2000		2000		2000		0.316485
3000		6000		3000		0.400928
2000		3000		2000		0.075157
2000		1000		2000		0.069192
4000		8000		4000		0.348416
2000		0		2000		0.208864
2000		0		2000		0.003248
2000		0		2000		0.035675
3000		6000		3000		0.521068
2000		0		2000		0.095566
2000		1000		2000		0.177816
2000		2000		2000		0.208864
2000		2000		2000		0.173562
2500		5000		2500		0.208864
2000		3000		2000		0.208864
2000		4000		2000		0.690177
2000		2000		2000		0.179982
2000		3000		2000		0.367088
2000		2000		2000		0.208864
2000		3000		2000		0.208864
2000		2000		2000		0.299384
2000		1000		2000		0.208864
2000		2000		2000		0.904290
2000		1000		2000		0.291075
2000		1000		2000		0.208864
2000		1000		2000		0.208864
15200		17000		15200		0.242528
12000		13000		12000		0.231174
3500		7000		3500		0.208864
2000		2000		2000		0.225728
2000		1000		2000		0.110715
2000		0		2000		0.125768
2000		2000		2000		0.876432
2000		2000		2000		0.208864
2000		1000		2000		0.208864
2000		1000		2000		0.202802
2500		5000		2500		0.208864
2500		5000		2500		0.417792
2000		1000		2000		0.208864
2000		3000		2000		0.217232
2500		5000		2500		0.928895
2000		1000		2000		0.208864
2000		1000		2000		0.486108
2000		4000		2000		0.788170
2000		2000		2000		0.170101
2000		1000		2000		0.417792
2000		0		2000		0.074355
2000		3000		2000		0.208864
2000		1000		2000		0.449812
2000		3000		2000		0.208864
20800		22000		20800		0.191902
3000		6000		3000		0.720082
2000		1000		2000		0.208864
2000		1000		2000		0.883782
2000		1000		2000		0.803196
2000		1000		2000		0.208864
2000		1000		2000		0.208864
2000		3000		2000		0.217296
2000		2000		2000		0.524500
2000		1000		2000		0.321792
2000		2000		2000		0.208864
2000		3000		2000		0.400928
2000		1000		2000		0.180043
2500		5000		2500		0.326421
2000		4000		2000		0.217296
2000		1000		2000		0.166307
2000		3000		2000		0.444939
2000		2000		2000		0.208864
2000		2000		2000		0.494021
2000		1000		2000		0.208864
2000		2000		2000		0.208864
2000		2000		2000		0.268902
2000		2000		2000		0.208864
2000		4000		2000		0.417856
2000		1000		2000		0.205794
2000		2000		2000		0.417792
2000		1000		2000		0.626720
12800		14000		12800		0.542400
5000		10000		5000		0.511859
2000		3000		2000		0.434720
2000		2000		2000		0.208864
2000		2000		2000		0.208864
2000		0		2000		0.076523
2000		4000		2000		0.783535
2000		2000		2000		0.208864
2000		1000		2000		0.208864
2500		5000		2500		0.618224
2000		2000		2000		0.208864
2000		0		2000		0.208864
2000		3000		2000		0.208864
2000		1000		2000		0.208864
2000		4000		2000		0.363618
2000		1000		2000		0.089127
2500		5000		2500		0.225728
2000		3000		2000		0.633189
2000		1000		2000		0.180125
2000		3000		2000		0.184476
2000		2000		2000		0.108314
2000		3000		2000		0.171373
2500		5000		2500		0.108968
12000		14000		12000		0.468576
5500		11000		5500		0.419603
2000		1000		2000		0.200629
2000		2000		2000		0.208864
3000		6000		3000		0.426224
3500		7000		3500		0.182211
2500		5000		2500		0.417856
2000		1000		2000		0.206836
2000		2000		2000		0.208864
2000		2000		2000		0.409424
2000		0		2000		0.170192
2500		5000		2500		0.618224
2000		4000		2000		0.208864
2000		1000		2000		0.208864
2000		1000		2000		0.303879
2000		3000		2000		0.751355
2000		2000		2000		0.387039
2000		1000		2000		0.208864
11200		13000		11200		0.251088
4500		9000		4500		0.417856
2000		3000		2000		0.342833
2000		1000		2000		0.208864
2000		4000		2000		0.913385
2000		3000		2000		0.408928
2000		1000		2000		0.208864
2000		1000		2000		0.307265
2000		1000		2000		0.203183
2000		2000		2000		0.928797
2000		1000		2000		0.208864
2000		1000		2000		0.949238
2000		1000		2000		0.456008
2000		2000		2000		0.864622
2000		2000		2000		0.208864
2000		2000		2000		0.409360
2000		1000		2000		0.886475
2000		2000		2000		0.626720
2000		1000		2000		0.208864
3000		6000		3000		0.613793
2000		3000		2000		0.208864
2000		1000		2000		0.208864
2000		1000		2000		0.908054
2000		2000		2000		0.208864
2000		2000		2000		0.217296
2000		1000		2000		0.208864
2000		3000		2000		0.208864
12800		13000		12800		0.375568
5000		10000		5000		0.400928
2000		3000		2000		0.146302
2000		4000		2000		0.208864
2000		2000		2000		0.417792
2000		2000		2000		0.208864
2000		0		2000		0.036255
2000		1000		2000		0.474061
2000		1000		2000		0.200037
2000		0		2000		0.071775
2000		4000		2000		0.400864
2500		5000		2500		0.217232
2000		0		2000		0.051418
2000		1000		2000		0.155634
2000		3000		2000		0.590043
2000		2000		2000		0.208864
2000		3000		2000		0.626224
3000		6000		3000		0.634592
2000		1000		2000		0.208864
2000		3000		2000		0.764790
2000		1000		2000		0.208864
2000		2000		2000		0.208864
2000		3000		2000		0.700852
2000		3000		2000		0.208864
16000		19000		16000		0.251088
12800		14000		12800		0.217296
5500		11000		5500		0.378239
2500		5000		2500		0.208864
2000		0		2000		0.108985
2000		4000		2000		0.626720
2000		2000		2000		0.288325
2000		1000		2000		0.208864
2000		1000		2000		0.928701
2000		4000		2000		0.409360
2000		0		2000		0.046888
2000		4000		2000		0.234160
2000		1000		2000		0.264082
2000		2000		2000		0.208864
2000		3000		2000		0.329591
2000		1000		2000		0.835648
2000		1000		2000		0.208864
2000		2000		2000		0.938634
2000		1000		2000		0.937354
2000		2000		2000		0.523664
2000		1000		2000		0.208864
2000		2000		2000		0.208864
2000		1000		2000		0.878271
2000		2000		2000		0.208864
2000		1000		2000		0.936965
2000		2000		2000		0.208864
24000		28000		24000		0.386064
19200		23000		19200		2.010070
4000		8000		4000		1.310780
2000		3000		2000		0.823078
2000		1000		2000		0.208864
2000		0		2000		0.149783
2000		1000		2000		0.217296
2000		2000		2000		0.145764
2000		1000		2000		0.208864
2000		3000		2000		0.490550
3000		6000		3000		0.400992
2000		2000		2000		0.208864
2000		0		2000		0.036463
2000		3000		2000		0.161489
2000		4000		2000		0.659827
3000		6000		3000		0.147553
2000		2000		2000		0.273038
16000		19000		16000		0.485312
13600		15000		13600		0.257664
2000		1000		2000		0.063716
2000		1000		2000		0.208864
2000		1000		2000		0.172298
2000		2000		2000		0.348653
2000		3000		2000		0.208864
2000		3000		2000		0.208864
2000		3000		2000		0.469228
2000		1000		2000		0.251676
2000		4000		2000		0.233664
2000		2000		2000		0.313747
2000		1000		2000		0.059808
2000		3000		2000		0.409424
2000		2000		2000		0.208864
2000		2000		2000		0.208864
3000		6000		3000		0.203007
2000		4000		2000		0.208864
2000		1000		2000		0.216055
2000		1000		2000		0.208864
5500		11000		5500		0.399216
2000		2000		2000		0.799541
2000		2000		2000		0.208864
2000		2000		2000		0.208864
2000		0		2000		0.059485
2000		4000		2000		0.208864
2000		3000		2000		0.791633
2000		2000		2000		0.947984
2000		2000		2000		0.835648
2000		0		2000		0.069465
2000		3000		2000		0.225728
2000		1000		2000		0.208864
2000		2000		2000		0.420381
2000		0		2000		0.002525
2000		1000		2000		0.426224
2000		2000		2000		0.208864
2000		4000		2000		0.264685
2000		3000		2000		0.208864
2000		1000		2000		0.115692
2000		2000		2000		0.208864
2000		1000		2000		0.208864
2000		4000		2000		0.033664
2000		3000		2000		0.726429
2000		0		2000		0.082781
2000		4000		2000		0.409424
4500		9000		4500		0.643712
2000		2000		2000		0.409360
2000		3000		2000		0.679535
2000		3000		2000		0.208864
2000		0		2000		0.090327
2000		4000		2000		0.208864
2000		2000		2000		0.208864
2000		2000		2000		0.018715
2000		4000		2000		0.208864
3000		6000		3000		0.159776
2000		3000		2000		0.033664
2000		4000		2000		0.409360
2000		1000		2000		0.083745
2000		3000		2000		0.217232
2000		3000		2000		0.333587
2000		2000		2000		0.208864
2000		1000		2000		0.123286
2000		2000		2000		0.376387
2000		2000		2000		0.835712
2000		3000		2000		0.860791
2000		2000		2000		0.208864
2000		2000		2000		0.208864
2000		3000		2000		0.208864
4500		9000		4500		0.720114
2500		5000		2500		0.208864
2000		2000		2000		0.208864
2000		3000		2000		0.216800
2000		0		2000		0.067450
2000		1000		2000		0.208864
2000		1000		2000		0.817528
2000		1000		2000		0.285980
2000		0		2000		0.041834
2000		2000		2000		0.208864
2000		0		2000		0.208864
2000		3000		2000		0.934424
2000		4000		2000		0.217296
2000		1000		2000		0.183350
2000		3000		2000		0.208864
2000		2000		2000		0.374668
2000		4000		2000		0.208864
2000		1000		2000		0.208864
2000		3000		2000		0.208864
2000		2000		2000		0.207219
2000		1000		2000		0.941154
2000		3000		2000		0.409424
3000		6000		3000		0.552208
2000		1000		2000		0.077156
2000		3000		2000		0.454311
2000		0		2000		0.017481
2000		1000		2000		0.906578
12800		14000		12800		0.276384
5000		10000		5000		0.367136
4000		8000		4000		0.626656
2000		4000		2000		0.409424
2000		1000		2000		0.208864
2000		2000		2000		0.909568
2000		1000		2000		0.208864
2000		0		2000		0.075634
2000		4000		2000		0.609360
2000		1000		2000		0.217296
2000		2000		2000		0.208864
2000		1000		2000		0.208864
2000		0		2000		0.103457
2000		0		2000		0.097053
2000		0		2000		0.051208
2000		0		2000		0.042712
2000		1000		2000		0.265590
2000		3000		2000		0.208864
2000		2000		2000		0.090612
2000		3000		2000		0.692473
2000		3000		2000		0.208864
2000		2000		2000		0.208864
2000		2000		2000		0.208864
2000		4000		2000		0.335209
2000		3000		2000		0.183502
2000		1000		2000		0.208864
2000		4000		2000		0.208864
2000		1000		2000		0.208864
11200		12000		11200		0.208864
4500		9000		4500		0.208864
2000		3000		2000		0.670813
2000		4000		2000		0.208864
2000		1000		2000		0.203375
2000		3000		2000		0.410741
2000		1000		2000		0.168041
2000		4000		2000		0.626720
2500		5000		2500		0.409424
2000		1000		2000		0.218850
2000		2000		2000		0.438130
2000		1000		2000		0.309478
2500		5000		2500		0.721962
2000		3000		2000		0.409424
2000		2000		2000		0.208864
2000		2000		2000		0.449820
2000		3000		2000		0.493920
2000		0		2000		0.050977
2000		2000		2000		0.208864
2000		1000		2000		0.461566
2000		1000		2000		0.155801
2000		4000		2000		0.217296
2000		4000		2000		0.409424
2000		1000		2000		0.208864
5000		10000		5000		0.217232
2000		2000		2000		0.425792
2000		1000		2000		1.253440
2000		2000		2000		1.044700
2500		5000		2500		0.719439
2000		1000		2000		0.208864
2000		2000		2000		0.208864
2000		3000		2000		0.216800
2000		4000		2000		0.409424
2000		4000		2000		0.208864
2000		4000		2000		0.137907
2000		2000		2000		0.208864
2500		5000		2500		0.400864
2000		4000		2000		0.208864
2000		3000		2000		0.643520
2000		2000		2000		0.208864
2000		1000		2000		0.208864
2000		2000		2000		0.208864
2000		1000		2000		0.208864
2000		0		2000		0.068408
2000		2000		2000		0.409360
2000		3000		2000		0.216800
4500		9000		4500		0.635280
2000		2000		2000		0.148110
2000		2000		2000		0.782436
2000		3000		2000		0.626720
2000		2000		2000		0.626720
2000		3000		2000		0.208864
2000		1000		2000		0.409360
2000		3000		2000		0.332433
2000		1000		2000		0.027208
2000		2000		2000		0.310454
2000		3000		2000		0.643635
2000		2000		2000		0.286922
2000		2000		2000		0.208864
2000		3000		2000		0.199902
2000		2000		2000		0.450510
2000		0		2000		0.024222
2000		3000		2000		0.217296
2000		3000		2000		0.217296
2000		0		2000		0.089341
2000		1000		2000		0.903410
2000		1000		2000		0.208864
2000		1000		2000		0.122926
2000		1000		2000		0.144838
2000		0		2000		0.007557
2000		0		2000		0.072931
2000		1000		2000		0.181517
2000		2000		2000		0.208864
2000		1000		2000		0.177471
2000		2000		2000		0.845042
2000		2000		2000		0.474143
