ssthresh	bytesInFlight	cWndAtTheEnd	TimeSpentInRecovery
12800		14000		5000		0.584624
4000		8000		2000		0.678859
2500		5000		3000		0.434656
2000		4000		2000		0.713846
2000		2000		3000		0.445886
2000		2000		2000		0.626720
2000		4000		3000		0.208864
2000		2000		3000		0.208864
2000		1000		2000		0.208864
2000		2000		3000		0.208864
2000		0		2000		0.042034
2000		1000		2000		0.205181
2000		2000		3000		0.185813
2000		4000		2000		0.814979
2000		4000		3000		0.653403
2000		1000		2000		0.208864
2000		1000		2000		0.208864
2000		1000		2000		0.934358
2000		4000		1000		0.795715
2000		0		2000		0.035165
2000		2000		3000		0.208864
2000		0		2000		0.208864
2000		2000		3000		0.208864
22400		26000		20000		0.276256
17600		20000		17000		0.217296
13600		15000		11000		0.335408
11200		12000		9000		0.377632
11200		12000		10000		0.263806
2000		3000		3000		0.282455
2000		4000		3000		0.208864
2000		1000		2000		0.180035
2000		4000		2000		0.251152
2000		4000		2000		0.609920
2000		1000		3000		0.441353
2000		3000		2000		0.708161
2000		2000		3000		0.208864
2000		2000		3000		0.208864
2000		1000		2000		0.208864
2000		0		2000		0.032080
2000		1000		2000		0.208864
2000		0		2000		0.208864
31200		37000		29000		0.262047
12800		13000		12000		0.079481
2000		4000		3000		0.208928
2000		3000		3000		0.862016
2000		2000		2000		0.188810
2000		4000		1000		0.831992
2000		0		2000		0.135710
2000		1000		2000		0.482821
2000		3000		1000		0.409424
2000		2000		2000		0.635216
2000		3000		3000		0.231543
2500		5000		5000		0.059456
2000		1000		2000		0.189680
2000		1000		2000		0.208864
2000		2000		1000		0.902375
2000		2000		3000		0.208864
2000		3000		1000		0.828548
2000		1000		2000		0.208864
2500		5000		2000		0.941982
20000		23000		10000		0.468448
16000		18000		13000		0.451584
12800		14000		10000		0.417856
5000		10000		6000		0.208864
2000		3000		2000		0.341840
2000		4000		4000		0.065840
2000		1000		2000		0.208864
2000		1000		2000		0.208864
2000		0		1000		0.217296
2000		3000		3000		0.200875
2000		1000		2000		0.127288
2000		1000		2000		0.126871
2000		0		2000		0.485584
2000		4000		4000		0.033664
2000		1000		2000		0.017224
2000		2000		2000		0.208864
2000		0		2000		0.167423
2000		2000		3000		0.071941
2000		2000		3000		0.208864
2000		3000		3000		0.411312
2000		1000		2000		0.208864
2000		2000		1000		0.417792
5500		11000		5000		0.407712
2000		4000		2000		0.734014
2000		3000		3000		0.181205
2000		3000		3000		0.192076
2000		1000		2000		0.324977
2000		2000		1000		0.225728
2000		1000		2000		0.208864
2000		2000		3000		0.208864
2000		1000		2000		0.208864
2000		1000		2000		0.208864
2500		5000		1000		0.417856
2000		2000		2000		0.400928
2000		3000		3000		0.009520
2500		5000		3000		0.217232
2000		2000		2000		0.391398
2000		0		2000		0.053924
2000		1000		2000		0.024387
2000		2000		3000		0.076552
2500		5000		3000		0.350967
2000		1000		2000		0.208864
2000		2000		3000		0.208864
2000		2000		1000		0.626720
4500		9000		5000		0.242592
2000		2000		3000		0.208864
2000		3000		3000		0.173799
2000		3000		3000		0.217296
2000		2000		3000		0.080496
2000		3000		3000		0.208864
2000		4000		2000		0.643584
2000		3000		3000		0.208864
2000		2000		2000		0.905211
2000		4000		2000		0.417792
2000		0		2000		0.061256
2000		2000		3000		0.208864
2500		5000		4000		0.217296
2000		2000		3000		0.208864
2000		2000		3000		0.208864
2000		0		2000		0.027818
2000		1000		2000		0.133207
2000		3000		2000		0.869045
2000		2000		3000		0.208864
2000		1000		2000		0.208864
2500		5000		3000		0.409792
2000		2000		2000		0.635152
2000		4000		3000		0.208864
2000		2000		2000		0.208864
4000		8000		4000		0.251088
2000		2000		2000		0.217296
2000		1000		2000		0.208864
2000		2000		2000		0.835840
2000		4000		3000		0.340883
2000		3000		2000		0.618352
2000		0		2000		0.088420
2000		2000		2000		0.626720
2000		4000		3000		0.443430
2000		1000		2000		0.353889
2000		2000		3000		0.208864
2000		1000		2000		0.208864
2000		2000		3000		0.208864
2000		0		2000		0.208864
2000		0		2000		0.108376
3000		6000		2000		0.724585
2000		1000		2000		0.051735
2000		1000		2000		0.208864
2000		1000		2000		0.201244
2000		1000		2000		0.192812
2000		1000		2000		0.208864
2500		5000		2000		0.702749
2000		3000		2000		0.184885
2000		2000		3000		0.208864
2000		2000		3000		0.177742
2000		2000		3000		0.208864
2000		3000		3000		0.208864
12000		13000		12000		0.650722
2000		4000		2000		0.817634
2000		1000		2000		0.016009
2000		4000		4000		0.194887
2500		5000		3000		0.185516
2000		1000		2000		0.127971
2000		1000		2000		0.656012
2000		2000		3000		0.208864
2000		1000		2000		0.206007
2000		3000		2000		0.833371
2000		3000		3000		0.216800
2000		1000		2000		0.088839
2000		0		2000		0.097399
2000		3000		3000		0.208864
2000		1000		2000		0.181464
2000		3000		2000		0.434592
2000		3000		2000		0.643584
2000		0		2000		0.162812
3000		6000		1000		0.401056
2000		2000		3000		0.208864
2000		3000		1000		0.400928
2000		1000		2000		0.208864
2500		5000		4000		0.217232
2000		0		2000		0.036222
11200		12000		5000		0.593056
3500		7000		5000		0.262005
2000		1000		2000		0.200709
2000		2000		2000		0.894385
2000		4000		3000		0.417296
2000		0		2000		0.208864
2000		0		2000		0.093386
2500		5000		4000		0.208864
2000		2000		2000		0.896543
3000		6000		4000		0.217296
2000		4000		3000		0.208864
2000		4000		2000		0.631896
2000		2000		3000		0.208864
2000		3000		3000		0.217296
2000		1000		1000		0.835648
2000		4000		3000		0.790721
2000		1000		2000		0.208864
2000		0		2000		0.087931
2000		1000		2000		0.310127
2000		4000		3000		0.208864
2500		5000		3000		0.217232
2000		1000		2000		0.658619
5500		11000		2000		0.626784
3000		6000		3000		0.251088
2000		3000		3000		0.251563
2000		1000		2000		0.035832
2000		2000		3000		0.208864
2000		4000		4000		0.181190
2500		5000		4000		0.217296
2500		5000		3000		0.208864
2000		1000		2000		0.117349
2000		1000		2000		0.208864
2500		5000		1000		0.620339
2000		2000		3000		0.694362
2000		2000		3000		0.949287
3000		6000		3000		0.695708
2000		1000		2000		0.687212
2000		2000		3000		0.208864
2000		1000		2000		0.087274
2000		1000		2000		0.226762
2000		1000		2000		0.158009
2000		1000		2000		0.108659
2000		2000		3000		0.208864
2000		2000		3000		0.208864
2000		0		2000		0.040662
2000		1000		2000		0.208864
16800		19000		11000		0.401056
12800		14000		9000		0.267952
5500		11000		4000		0.514674
2500		5000		3000		0.208864
2000		1000		2000		0.208864
2000		1000		2000		0.210117
2000		1000		2000		0.208864
2000		3000		3000		0.208864
2000		0		2000		0.003390
2000		1000		2000		0.179990
2000		3000		1000		0.789196
2500		5000		3000		0.451520
2000		4000		3000		0.208864
2000		4000		4000		0.217296
2000		3000		3000		0.170035
2000		0		2000		0.081120
2000		2000		3000		0.208864
2000		3000		3000		0.208864
2000		1000		2000		0.208864
2000		2000		3000		0.208864
2000		2000		2000		0.217296
2000		1000		2000		0.208864
2000		0		2000		0.533934
13600		15000		12000		0.350400
6000		12000		3000		0.610112
2000		3000		3000		8.126090
2000		4000		3000		0.208864
2000		4000		2000		0.643584
2000		2000		3000		0.208864
2000		2000		2000		0.818784
2000		2000		3000		0.225728
2000		1000		2000		0.208864
2000		2000		3000		0.225728
2000		4000		2000		0.234224
2000		3000		3000		0.840763
2000		4000		5000		0.158201
2000		2000		3000		0.133274
2000		1000		2000		0.001120
2000		4000		3000		0.371966
2000		1000		2000		0.124991
2000		2000		2000		0.559711
2000		3000		3000		0.208864
2000		3000		3000		0.208864
2000		2000		3000		0.208864
2000		0		2000		0.098899
2000		1000		2000		0.208864
2000		1000		2000		0.208864
2000		0		2000		0.098240
2000		1000		2000		0.095419
2000		0		2000		0.115250
5500		11000		6000		0.225664
3000		6000		3000		0.242656
2500		5000		3000		0.626720
2000		2000		3000		0.208864
2000		0		2000		0.086003
2000		2000		3000		0.208864
2000		1000		2000		0.526728
2000		1000		1000		0.217296
2500		5000		2000		0.634656
2000		1000		2000		0.208864
2000		1000		2000		0.208864
2000		4000		3000		0.208864
2500		5000		3000		0.143607
2000		3000		3000		0.216800
2000		3000		3000		0.208864
2000		2000		2000		0.626848
2000		3000		3000		0.208864
2000		4000		1000		0.635356
2000		2000		3000		0.208864
2000		1000		2000		0.145986
2000		1000		2000		0.193499
2000		4000		3000		0.413669
2000		2000		3000		0.208864
13600		15000		13000		0.225728
5000		10000		6000		0.208864
2000		4000		2000		0.716304
2000		3000		3000		0.217296
2500		5000		2000		0.451520
2000		1000		2000		0.123537
2000		3000		1000		0.886883
2000		3000		3000		0.208864
2000		3000		3000		0.274028
2000		3000		3000		0.208864
2000		3000		3000		0.190032
2000		4000		2000		0.425728
2000		2000		3000		0.208864
3000		6000		5000		0.225232
2500		5000		3000		0.533388
2000		2000		1000		0.225792
2000		1000		1000		0.626720
2000		0		2000		0.089377
2000		2000		3000		0.492736
2000		2000		3000		0.208864
2000		2000		3000		0.208864
12800		13000		11000		0.443152
5000		10000		5000		0.225728
2500		5000		2000		0.409424
2000		1000		2000		0.086700
2000		1000		2000		0.047112
2000		2000		3000		0.002088
2000		2000		1000		0.844080
2000		1000		2000		0.234841
2000		0		2000		0.080182
2000		1000		2000		0.208864
2000		1000		1000		0.855009
2000		2000		3000		0.208864
2000		2000		3000		0.174525
2000		2000		2000		0.400928
2000		1000		1000		0.217296
2000		0		2000		0.092306
2000		3000		3000		0.208864
2000		0		2000		0.042640
2000		1000		2000		0.208864
2000		1000		2000		0.208864
2000		0		2000		0.089486
3000		6000		1000		0.727461
2000		1000		1000		0.836748
2000		1000		2000		0.208864
2000		1000		2000		0.196274
2000		1000		2000		0.261141
2000		1000		2000		0.006660
2000		4000		3000		0.378870
2000		1000		2000		0.208864
2000		1000		2000		0.085802
2000		1000		2000		0.114027
2000		1000		2000		0.418157
2000		1000		2000		0.208864
2000		0		2000		0.208864
4500		9000		4000		0.392496
2000		1000		2000		0.208864
2000		1000		2000		0.208864
2000		1000		2000		1.042190
2000		1000		1000		0.417792
2000		0		2000		0.147066
2000		3000		3000		0.247848
2000		2000		2000		0.626848
2000		2000		3000		0.208864
2000		2000		3000		0.208864
2000		3000		2000		0.217360
2000		2000		1000		0.409424
2000		2000		3000		0.208864
2000		2000		3000		0.178529
2000		1000		2000		0.108258
2000		2000		2000		0.635152
2000		0		2000		0.003493
2000		0		2000		0.003493
2000		1000		2000		0.208864
2000		0		2000		0.068432
2000		1000		1000		0.835648
2000		2000		3000		0.208864
2000		4000		2000		0.392496
2000		4000		3000		0.217296
3000		6000		4000		0.208864
2000		1000		2000		0.153728
2000		1000		2000		0.208864
2000		1000		2000		0.449773
2000		1000		2000		0.208864
2000		3000		2000		0.208864
2000		3000		3000		0.208864
2000		2000		2000		0.635152
3500		7000		3000		0.643520
3500		7000		5000		0.067456
2000		4000		3000		0.217296
2000		3000		3000		0.567481
2000		3000		3000		0.208864
2000		3000		3000		0.198314
2000		1000		1000		0.626720
2000		2000		3000		0.208864
2000		2000		2000		0.626784
2000		0		2000		0.102018
2000		1000		2000		0.208864
2000		3000		1000		0.400928
2000		3000		3000		0.208864
2000		3000		3000		0.208864
2000		0		2000		0.055616
2000		1000		1000		0.852770
2000		1000		2000		0.208864
2000		1000		2000		0.208864
2000		2000		3000		0.208864
2000		3000		3000		0.217296
2000		3000		3000		0.246610
2000		3000		3000		0.216800
2000		2000		3000		0.172456
4000		8000		3000		0.409424
3000		6000		4000		0.208864
2000		3000		2000		0.658932
2000		1000		2000		0.207965
2500		5000		2000		0.643712
2000		1000		2000		0.387907
2000		2000		3000		0.208864
2000		1000		2000		0.215723
2000		2000		3000		0.208864
2000		1000		2000		0.208864
2000		2000		3000		0.208864
2000		0		2000		0.073844
2000		2000		3000		0.208864
2000		3000		3000		0.208864
2000		1000		2000		0.208864
2000		2000		3000		0.208864
2500		5000		3000		0.208864
2000		1000		2000		0.254941
2000		3000		3000		0.200368
2000		2000		2000		0.626784
2000		2000		3000		0.413177
2000		2000		3000		0.208864
2000		4000		4000		0.225728
2500		5000		4000		0.217232
12800		14000		7000		0.468640
5000		10000		1000		0.562126
2000		1000		2000		0.119038
2500		5000		3000		0.208864
2000		1000		2000		0.051082
2000		1000		2000		0.155716
2000		4000		3000		0.217296
2000		2000		2000		0.729600
3000		6000		6000		0.139780
2500		5000		4000		0.207763
2500		5000		2000		0.643712
2000		0		2000		0.015298
3000		6000		1000		0.941611
2000		1000		2000		0.402460
2000		2000		3000		0.208864
2000		3000		2000		0.618352
2000		0		2000		0.077148
2000		2000		3000		0.208864
2000		2000		2000		0.760365
2000		2000		3000		0.208864
2000		1000		2000		0.208864
2000		0		2000		0.208864
5000		10000		5000		0.465484
2000		2000		3000		0.175354
2000		4000		3000		0.208864
2000		3000		2000		0.626784
2000		1000		2000		0.781950
2000		1000		2000		0.084799
2500		5000		3000		0.225728
2000		4000		3000		0.242592
2000		3000		3000		0.208864
2000		0		2000		0.052878
2000		4000		3000		0.208864
2000		0		2000		0.162065
2000		2000		2000		0.609792
2000		0		2000		0.081992
2000		2000		3000		0.470704
3000		6000		4000		0.400928
3000		6000		6000		0.186637
2000		2000		3000		0.208864
2000		1000		2000		0.208864
2000		3000		3000		0.208864
2000		2000		2000		0.400928
2000		1000		2000		0.091886
2000		4000		3000		0.262225
2000		4000		3000		0.200432
4000		8000		5000		0.365344
2000		1000		2000		0.208864
2000		3000		3000		0.208864
2000		3000		2000		0.400928
2000		4000		3000		0.208864
2000		2000		3000		0.208864
2000		1000		1000		0.860425
2000		2000		3000		0.438821
2000		2000		3000		0.285748
3000		6000		4000		0.206536
2000		3000		4000		0.120133
2000		1000		2000		0.023651
2000		2000		3000		0.208864
2000		0		2000		0.208864
2000		1000		2000		0.208864
2000		1000		2000		0.928549
3000		6000		3000		0.384064
2000		2000		3000		0.208864
2000		0		2000		0.208864
2000		1000		2000		0.284717
2000		3000		3000		0.496161
2000		3000		3000		0.208864
12800		14000		9000		0.267952
5000		10000		3000		0.549686
2000		3000		3000		0.217296
2000		2000		3000		0.208864
2000		3000		3000		0.208864
2000		4000		2000		0.750309
2000		2000		3000		0.290764
2000		1000		2000		0.138458
2000		0		2000		0.019791
2000		1000		2000		0.208864
2000		1000		2000		0.208864
2000		2000		3000		0.208864
2000		0		2000		0.018968
2000		1000		2000		0.230000
2000		1000		2000		0.208864
2500		5000		3000		0.217232
2000		2000		3000		0.208864
2000		2000		3000		0.503053
2000		1000		2000		0.208864
2000		3000		1000		0.827280
2000		0		2000		0.002213
2000		3000		3000		0.208864
2000		4000		3000		0.208864
2000		3000		3000		0.208864
2000		1000		2000		0.208864
2000		1000		2000		0.208864
12000		13000		9000		0.459952
5500		11000		6000		0.208864
2500		5000		2000		0.459850
2000		1000		2000		0.208864
2000		1000		2000		0.235576
2000		1000		2000		0.911957
2000		2000		3000		0.217296
2000		4000		3000		0.208864
2000		2000		3000		0.174279
2000		1000		2000		0.174407
2000		2000		1000		0.417792
2000		1000		2000		0.859965
2500		5000		5000		0.050592
2000		1000		2000		0.714344
2000		3000		3000		0.217296
5000		10000		7000		0.251024
2000		4000		3000		0.208864
2000		1000		2000		0.208864
2000		1000		2000		0.208864
2000		2000		2000		0.208864
2000		0		2000		0.110122
2000		2000		2000		0.225792
2000		2000		3000		0.208864
4500		9000		4000		0.225728
2000		2000		1000		0.226224
2000		2000		3000		0.208864
2000		1000		2000		0.208864
2000		1000		2000		0.208864
2000		2000		2000		0.208864
2000		2000		2000		0.635216
2000		4000		3000		0.225728
2000		1000		1000		0.906251
2000		3000		2000		0.408864
2000		1000		2000		0.208864
2000		1000		2000		0.208864
2000		3000		3000		0.217296
2000		2000		3000		0.208864
2000		4000		3000		0.201324
2000		2000		3000		0.374873
2000		3000		3000		0.347225
2500		5000		2000		0.417856
2000		2000		3000		0.208864
2000		0		2000		0.156337
2000		3000		3000		0.208864
2000		1000		2000		0.194552
2000		2000		3000		0.431304
2000		4000		3000		0.656433
2000		1000		2000		0.208864
2000		1000		2000		0.208864
2000		4000		3000		0.792947
15200		18000		10000		0.265822
2000		1000		1000		0.626720
2000		0		2000		0.097684
2000		3000		3000		0.217296
2000		4000		2000		0.251152
2000		1000		2000		0.208864
2000		1000		2000		0.512616
2000		4000		3000		0.225728
2000		2000		3000		0.208864
2000		0		2000		0.208864
2000		2000		3000		0.208864
2000		2000		1000		0.409360
2000		3000		1000		0.409424
2000		2000		3000		0.208864
2000		0		2000		0.040633
2000		1000		2000		0.208864
2000		2000		2000		0.217296
2000		3000		2000		0.443152
2000		3000		2000		0.626720
2000		1000		2000		0.208864
2500		5000		1000		0.752726
2000		1000		2000		0.078913
2000		2000		3000		0.208864
2000		0		2000		0.208864
17600		20000		12000		0.434720
13600		16000		8000		0.440871
2000		3000		2000		0.685377
2000		1000		2000		0.208864
4000		8000		3000		0.571633
2000		2000		2000		0.659338
2000		3000		3000		0.166476
2000		3000		3000		0.218636
2000		3000		2000		0.701299
2000		3000		3000		0.123634
2500		5000		3000		0.208864
2000		4000		2000		0.820313
2000		2000		2000		0.609856
2000		3000		2000		0.217360
2000		1000		2000		0.173907
2000		1000		2000		0.208864
2000		1000		2000		0.208864
2000		1000		2000		0.208864
2000		2000		1000		0.940457
13600		15000		12000		0.242528
6000		12000		5000		0.434720
2000		4000		3000		0.150625
2000		4000		3000		0.676250
2000		2000		2000		0.299190
2000		3000		1000		0.225728
2000		3000		3000		0.149514
2000		3000		3000		0.216800
2500		5000		3000		0.217296
2000		1000		2000		0.208864
2000		1000		2000		0.208864
2000		4000		2000		0.225728
2000		4000		3000		0.208864
2000		2000		3000		0.217296
2000		2000		2000		0.208864
2000		0		2000		0.200792
2000		1000		2000		0.074821
2000		2000		3000		0.208864
2000		3000		2000		0.425792
2000		2000		2000		0.417792
2000		2000		3000		0.483651
2000		1000		2000		0.274723
2000		2000		1000		0.926476
2000		1000		1000		0.954117
14400		16000		9000		0.674215
2500		5000		5000		0.123016
2000		3000		3000		0.215757
2000		2000		3000		0.208864
2000		2000		3000		0.208864
2000		2000		3000		0.208864
2000		4000		3000		0.208864
2000		4000		3000		0.778464
2000		4000		2000		0.403965
2000		3000		1000		0.768350
2000		4000		3000		0.208864
2500		5000		4000		0.217296
2000		3000		3000		0.208864
2000		1000		1000		0.408864
2000		1000		2000		0.208864
3500		7000		4000		0.208864
2500		5000		3000		0.409232
2000		3000		2000		0.643584
12000		13000		12000		0.208864
5000		10000		5000		0.196875
2000		3000		2000		0.057220
2000		1000		2000		0.208864
2000		1000		2000		0.194496
2000		3000		3000		0.082813
2000		2000		3000		0.183719
2000		3000		3000		0.208864
2000		1000		2000		0.208864
2000		0		2000		0.094710
2000		0		2000		0.090496
2000		2000		3000		0.217296
2000		4000		3000		0.225728
2000		2000		1000		0.417856
2000		1000		2000		0.010393
2000		2000		3000		0.208864
2000		1000		2000		0.870192
2000		1000		2000		0.208864
2000		4000		3000		0.208864
2500		5000		2000		0.622381
2000		3000		3000		0.191095
2000		4000		2000		0.670141
2000		1000		2000		0.166006
2000		1000		2000		0.137679
2000		1000		2000		0.208864
5500		11000		1000		0.672279
2000		2000		3000		0.208864
2500		5000		3000		0.225728
2000		3000		3000		0.144177
2000		4000		3000		0.203954
3000		6000		4000		0.217296
2000		2000		1000		0.635216
2000		3000		3000		0.208864
2000		3000		3000		0.216800
3500		7000		1000		0.633831
2000		3000		2000		0.208864
2000		3000		3000		0.208864
2000		1000		2000		0.208864
2000		1000		2000		0.917437
2000		0		2000		0.208864
2000		3000		3000		0.208864
2000		3000		3000		0.208864
2000		4000		3000		0.208864
12000		13000		9000		0.294995
2000		3000		3000		0.121975
2000		3000		3000		0.205795
2000		2000		3000		0.208864
2000		1000		2000		0.208864
2000		1000		2000		0.208864
2000		2000		2000		0.208864
2000		1000		2000		0.119486
2000		2000		3000		0.444758
2000		0		2000		0.208864
2000		3000		2000		0.626720
2000		3000		2000		0.748734
2000		3000		4000		0.208864
2000		1000		2000		0.208864
2000		2000		3000		0.208864
2000		1000		2000		0.208864
2000		1000		2000		0.208864
2000		2000		2000		0.878310
2000		1000		2000		0.275739
2000		1000		2000		0.735026
2000		3000		3000		0.217296
2000		2000		3000		0.174850
2000		1000		2000		0.130631
2000		3000		3000		0.208864
2500		5000		3000		0.721045
2000		4000		2000		0.443152
11200		12000		4000		0.610112
5000		10000		6000		0.233204
2500		5000		3000		0.467932
2000		3000		1000		0.417792
2500		5000		3000		0.434656
2000		4000		3000		0.208864
2000		3000		2000		0.574925
2000		2000		1000		0.920427
3000		6000		4000		0.217296
2000		1000		1000		0.859815
2000		2000		3000		0.208864
2000		0		2000		0.100825
2000		2000		3000		0.382294
2000		3000		2000		0.913612
2000		0		2000		0.069532
2000		1000		1000		0.626720
2000		1000		1000		0.905663
2500		5000		4000		0.208864
2000		3000		3000		0.208864
2000		2000		3000		0.208864
2000		2000		3000		0.208864
2000		2000		3000		0.209584
12000		11000		3000		0.485568
5500		11000		4000		0.251088
2500		5000		4000		0.217296
2000		0		2000		0.010804
2000		2000		3000		0.208864
2000		1000		2000		0.390978
2000		2000		2000		0.761631
2000		2000		3000		0.134847
2000		3000		3000		0.208864
2000		3000		3000		0.301725
2000		1000		2000		0.208864
2500		5000		4000		0.203950
2000		1000		2000		0.153856
2000		1000		2000		0.208864
2000		1000		2000		0.097945
2000		2000		3000		0.503223
2000		1000		1000		0.835648
2000		1000		2000		0.208864
2000		2000		3000		0.208864
2000		4000		2000		0.460080
3000		6000		2000		0.766189
2000		2000		2000		0.626784
2000		1000		2000		0.015050
2500		5000		2000		0.821431
2000		1000		2000		0.208864
12000		13000		1000		0.502304
5000		10000		4000		0.584496
2000		3000		2000		0.409360
2000		4000		3000		0.217296
2000		1000		1000		0.417792
2000		1000		2000		0.205070
2000		4000		2000		0.392496
2000		1000		2000		0.180396
2000		1000		2000		0.208864
2000		1000		2000		0.025653
2000		3000		3000		0.170947
2000		2000		3000		0.208864
2500		5000		2000		0.417792
2000		3000		3000		0.208864
2000		2000		3000		0.208864
2000		2000		3000		0.208864
2000		2000		3000		0.208864
2000		4000		2000		0.434656
2000		2000		3000		0.208864
2000		1000		2000		0.208864
2000		1000		2000		0.184556
2000		0		2000		0.176124
2000		2000		3000		0.208864
2000		1000		2000		0.134075
2000		0		2000		0.088007
2000		2000		3000		0.439988
4500		9000		5000		0.477458
2000		2000		2000		0.208864
2000		3000		2000		0.626720
2000		3000		3000		0.626224
2000		1000		2000		0.078540
2500		5000		3000		0.873885
2000		2000		1000		0.409424
2000		2000		3000		0.208864
2000		1000		2000		0.914077
2000		2000		3000		0.217296
2000		2000		3000		0.208864
2000		0		2000		0.146761
2000		2000		3000		0.155257
2000		2000		2000		0.863786
2000		2000		3000		0.208864
2000		4000		2000		0.835120
2500		5000		3000		0.217296
2000		3000		3000		0.216800
2000		0		2000		0.073475
2000		3000		2000		1.061230
2000		2000		3000		0.208864
2000		4000		2000		0.940676
2000		3000		2000		0.742876
2000		4000		1000		0.251584
2000		0		2000		0.114864
5000		10000		5000		0.225728
2000		4000		3000		0.217296
2000		4000		4000		0.180539
2000		3000		1000		0.762296
2000		3000		3000		0.208864
2000		3000		2000		0.234224
2000		2000		3000		0.208864
2000		3000		2000		0.626784
3500		7000		5000		0.208864
2000		2000		3000		0.208864
2000		1000		2000		0.208075
2000		1000		2000		0.208864
2000		3000		3000		0.208864
2000		3000		3000		0.381117
2500		5000		2000		0.417856
2000		4000		3000		0.208864
2000		2000		3000		0.171125
2500		5000		3000		0.217296
2000		2000		2000		0.635152
2000		1000		2000		0.092073
2500		5000		2000		0.392000
4500		9000		3000		0.409424
2000		1000		2000		0.201786
2500		5000		3000		0.216800
3500		7000		1000		0.618352
2000		2000		2000		0.635152
2000		0		2000		0.078610
2000		1000		2000		0.041790
2000		1000		2000		0.204436
2000		3000		1000		0.779731
2000		1000		2000		0.144515
2000		2000		3000		0.208864
2000		4000		2000		0.225728
3000		6000		3000		0.400992
2000		0		2000		0.096702
2000		2000		3000		0.208864
2000		1000		2000		0.208864
2000		0		2000		0.091863
2000		1000		2000		0.208864
2000		1000		2000		0.208864
2000		1000		2000		0.208864
2000		4000		3000		0.225728
2000		1000		1000		0.844224
2000		1000		1000		0.873026
2000		1000		2000		0.199751
2000		2000		2000		0.208864
2000		2000		3000		0.241943
3000		6000		4000		0.208864
5500		11000		5000		0.350272
2000		3000		2000		0.342134
2000		3000		3000		0.163857
2500		5000		3000		0.208864
2000		1000		2000		0.051881
2000		4000		3000		0.208864
2500		5000		2000		0.409424
2000		2000		3000		0.208864
2000		2000		3000		0.390478
2000		2000		3000		0.208864
2000		0		2000		0.208864
3000		6000		4000		0.400928
2000		2000		3000		0.181482
2000		1000		2000		0.208864
2500		5000		5000		0.217296
2000		2000		3000		0.208864
2000		3000		3000		0.208864
2500		5000		3000		0.208864
2000		3000		2000		0.434592
2500		5000		3000		0.208864
5500		11000		4000		0.626784
2000		2000		2000		0.217296
2000		1000		2000		0.208864
2000		1000		2000		0.077078
2000		1000		2000		0.144650
2500		5000		2000		0.626848
2000		3000		1000		0.948067
2000		3000		2000		0.225728
2000		2000		3000		0.208864
2000		0		2000		0.041816
2000		4000		3000		0.417792
2000		1000		1000		0.845522
2000		1000		2000		0.085425
2000		1000		2000		0.036670
2500		5000		1000		0.936414
2000		4000		4000		0.947031
2000		0		1000		0.217296
2000		3000		3000		0.208864
2000		1000		1000		0.417792
2000		2000		3000		0.208864
3000		6000		2000		0.242592
2000		2000		3000		0.208864
2000		1000		2000		0.208864
4500		9000		4000		0.234160
2000		1000		2000		0.025127
2000		1000		2000		0.123750
2000		1000		2000		0.027714
2000		4000		3000		0.128594
2000		2000		3000		0.208864
2000		2000		3000		0.208864
2000		2000		3000		0.208864
2000		1000		2000		0.371456
2000		4000		3000		0.434656
2000		0		2000		0.225858
2000		2000		1000		0.827362
2000		2000		3000		0.208864
2000		1000		2000		0.208864
2000		1000		2000		0.208864
2000		2000		3000		0.208864
2000		1000		2000		0.200587
2000		1000		2000		0.164655
2000		1000		2000		0.018633
2000		4000		3000		0.208864
2000		2000		3000		0.208864
2500		5000		3000		0.217296
2000		2000		3000		0.208864
2000		3000		1000		0.765109
2000		1000		2000		0.208864
2000		3000		3000		0.080516
2000		2000		3000		0.208864
2000		2000		3000		0.286169
16800		19000		14000		0.259520
12800		14000		12000		0.388055
2000		4000		4000		0.137068
2000		2000		3000		0.145546
2000		2000		2000		0.769054
2000		2000		3000		0.241055
2000		2000		2000		0.626848
2000		2000		1000		0.827280
2000		1000		2000		0.208864
2000		1000		2000		0.208864
2000		1000		2000		0.208864
2000		0		2000		0.208864
3500		7000		2000		0.643584
4000		8000		5000		0.234160
2000		3000		3000		0.061818
2000		2000		2000		0.644614
2000		2000		3000		0.257150
2000		1000		2000		0.050888
2000		1000		2000		0.208864
2000		2000		3000		0.037647
2000		3000		3000		0.208864
2000		2000		3000		0.208864
12800		14000		11000		0.225728
5000		10000		4000		0.251024
2500		5000		3000		0.225728
2000		1000		2000		0.140699
2000		0		2000		0.035401
2000		4000		3000		0.208864
2000		1000		2000		0.208864
2000		2000		2000		0.827408
2000		1000		2000		0.208864
2000		1000		1000		0.417792
2500		5000		4000		0.208864
2500		5000		2000		0.409424
2000		3000		2000		0.830171
3000		6000		6000		0.148471
2000		2000		3000		0.212967
3000		6000		5000		0.122951
2000		2000		3000		0.225792
3000		6000		3000		0.303366
3500		7000		4000		0.469026
2500		5000		2000		0.593463
2000		1000		2000		0.208864
2000		2000		3000		0.197399
2000		3000		3000		0.208864
2000		4000		3000		0.203829
2000		4000		3000		0.417792
2000		4000		3000		0.321528
3500		7000		6000		0.211732
2000		4000		4000		0.217296
2000		3000		2000		0.634720
2000		4000		1000		0.939249
2000		1000		2000		0.208864
2000		1000		2000		0.309806
2000		0		2000		0.208864
2000		0		2000		0.098780
2000		4000		3000		0.234160
2000		1000		2000		0.208864
2000		4000		3000		0.225728
2000		1000		2000		0.208864
2000		1000		2000		0.208864
2000		3000		2000		0.434592
16000		19000		13000		0.276384
12800		13000		9000		0.341968
4500		9000		6000		0.311943
2000		3000		3000		0.348576
2000		1000		2000		0.104447
2000		2000		3000		0.156877
2000		1000		2000		0.453779
2000		1000		2000		0.525643
2000		1000		2000		0.208864
3000		6000		4000		0.434592
2000		4000		3000		0.208864
2000		2000		1000		0.226224
2000		1000		2000		0.208864
2000		2000		3000		0.396514
2000		3000		1000		0.626784
2000		1000		1000		0.400928
2000		3000		3000		0.755790
2000		1000		2000		0.710719
2000		0		2000		0.170167
2000		2000		3000		0.208864
2000		1000		1000		0.417792
2500		5000		2000		0.251584
12000		14000		8000		0.451648
5000		10000		3000		0.542528
3500		7000		3000		0.468384
2000		4000		3000		0.208864
2000		2000		3000		0.217296
2000		4000		3000		0.208864
2000		4000		1000		0.619706
2000		2000		1000		0.417792
2000		2000		3000		0.208864
2000		2000		3000		0.347015
2000		2000		3000		0.208864
3000		6000		1000		0.400992
2000		2000		3000		0.208864
2000		2000		3000		0.071852
2000		3000		3000		0.417728
2000		3000		3000		0.208864
2000		3000		3000		0.315997
2000		3000		3000		0.208864
2000		3000		3000		0.207862
2000		2000		2000		0.417792
12000		13000		10000		0.225728
5000		10000		5000		0.251088
2000		4000		2000		0.426224
2000		3000		2000		0.843648
2000		1000		2000		0.208864
2000		4000		3000		0.217296
2000		2000		3000		0.208864
2000		3000		3000		0.510520
3000		6000		2000		0.790953
2000		1000		2000		0.119096
2000		2000		3000		0.391307
3000		6000		4000		0.225728
3000		6000		4000		0.683589
2000		2000		3000		0.208864
2000		1000		2000		0.217296
2000		2000		2000		0.609856
2000		2000		3000		0.484238
2000		2000		3000		0.208864
2000		3000		1000		0.714838
2000		3000		3000		0.170110
2000		2000		3000		0.402880
2000		1000		2000		0.208864
20800		25000		13000		0.333536
16000		19000		11000		0.409488
13600		15000		12000		0.225728
11200		12000		10000		0.197636
2500		5000		3000		0.426288
2000		2000		2000		0.208864
2000		3000		3000		0.164550
2500		5000		3000		0.194288
3000		6000		4000		0.225728
2000		2000		3000		0.208864
2000		0		2000		0.037741
2000		1000		2000		0.368461
2000		2000		2000		0.791864
2000		2000		3000		0.208864
2000		4000		2000		0.626784
2000		4000		2000		0.392496
12000		13000		10000		0.276384
5000		10000		5000		0.451456
2000		3000		3000		0.209435
2000		2000		3000		0.115354
2000		2000		1000		0.409360
2000		2000		3000		0.208864
2000		2000		2000		0.836524
2000		2000		3000		0.208864
2000		4000		3000		0.426160
2000		4000		3000		0.208864
2500		5000		2000		0.426288
2000		2000		3000		0.208864
2000		0		2000		0.090403
2000		3000		2000		0.335689
2000		3000		4000		0.356820
2500		5000		4000		0.217296
2000		2000		2000		0.187191
2000		3000		2000		0.225728
2000		1000		1000		0.915244
2000		4000		2000		0.190730
2000		1000		2000		0.782745
2000		4000		3000		0.204623
2000		2000		2000		0.437257
12800		14000		9000		0.582197
2000		3000		3000		0.217296
2000		2000		3000		0.417296
2000		0		2000		0.089170
2000		2000		3000		0.208864
2000		2000		3000		0.208864
2000		1000		2000		0.208864
2000		3000		1000		0.740271
2000		1000		2000		0.208864
2000		1000		2000		0.208864
2000		2000		2000		0.855433
2000		3000		2000		0.208864
2000		1000		2000		0.208864
2000		3000		3000		0.216800
2000		2000		2000		0.217296
2000		3000		2000		0.948039
2000		3000		2000		0.208864
2000		1000		2000		0.274233
2000		2000		3000		0.208864
2000		3000		3000		0.208864
2000		0		2000		0.051293
2000		1000		2000		0.181209
2000		1000		2000		0.222114
2000		2000		3000		0.208864
2000		1000		1000		0.626720
2000		3000		3000		0.208864
2000		2000		3000		0.217296
2000		2000		1000		0.913496
5500		11000		4000		0.559264
2000		3000		3000		0.251152
2000		1000		2000		0.208864
2000		1000		2000		5.092850
2000		2000		3000		0.208864
2000		0		1000		3.385530
2000		2000		3000		0.208864
2000		3000		3000		0.208864
2000		2000		3000		0.571852
2000		1000		1000		0.835648
2000		0		2000		0.130964
2000		1000		2000		0.208864
2000		4000		2000		0.234224
2000		1000		1000		0.217296
2000		3000		3000		0.434598
2000		1000		2000		0.142026
2000		3000		2000		0.848045
2500		5000		3000		0.394503
2000		2000		3000		0.090833
2000		1000		2000		0.208864
2500		5000		3000		0.540173
2000		1000		2000		0.295481
4500		9000		4000		0.256196
12800		14000		10000		0.417984
5000		10000		4000		0.375760
2000		3000		3000		0.292020
2000		1000		2000		0.046727
2000		1000		2000		0.179867
2000		2000		3000		0.198584
2000		3000		2000		0.635216
2000		2000		2000		0.166246
2000		3000		3000		0.208864
2000		1000		2000		0.208864
3500		7000		4000		0.234160
2000		3000		2000		0.827216
3000		6000		2000		0.434656
2000		2000		3000		0.208864
2000		1000		2000		0.199236
2000		2000		3000		0.208864
2000		3000		3000		0.208864
2000		4000		3000		0.366854
2000		3000		3000		0.208864
2000		0		2000		0.060130
2000		2000		3000		0.217296
2000		2000		3000		0.208864
2000		3000		3000		0.208864
2000		1000		2000		0.208864
4500		9000		4000		0.356912
2500		5000		3000		0.225728
2500		5000		4000		0.192267
2000		1000		2000		0.117555
2000		1000		2000		0.416001
2000		3000		3000		0.203195
2000		3000		3000		0.217296
2000		4000		3000		0.208864
2000		2000		3000		0.405384
2000		1000		2000		0.204888
2000		3000		3000		0.208864
2000		0		2000		0.033632
2000		3000		3000		0.208864
2000		3000		3000		0.208864
2000		1000		2000		0.208864
2000		1000		2000		0.354050
2500		5000		2000		0.556197
2000		4000		3000		0.208864
2000		2000		1000		0.417792
2000		2000		3000		0.514444
2000		4000		3000		0.294132
5000		10000		4000		0.350272
2000		4000		4000		0.100089
2000		3000		3000		0.137401
2000		1000		2000		0.195087
2000		3000		3000		0.208864
2000		1000		1000		0.847958
3000		6000		5000		0.141772
2000		4000		4000		0.091910
2000		3000		3000		0.082613
2000		3000		2000		0.788905
2000		3000		3000		0.251632
4000		8000		5000		0.196732
2500		5000		3000		0.216800
2000		4000		2000		0.225728
2000		3000		2000		0.417856
2000		1000		2000		0.447060
2000		0		2000		0.029700
12000		12000		9000		0.434656
4500		9000		2000		0.409488
2000		3000		2000		0.208864
2000		3000		2000		0.392496
2000		2000		3000		0.190412
2000		3000		3000		0.208864
2000		0		2000		0.277612
2000		2000		3000		0.522495
2000		1000		2000		0.309088
2000		1000		2000		0.208864
2000		4000		3000		0.208864
2000		1000		1000		0.891258
2000		1000		2000		0.208864
2000		2000		3000		0.217296
2000		0		2000		0.080567
2000		0		2000		0.208864
2000		0		2000		0.091512
2000		1000		1000		0.409296
2000		1000		2000		0.463633
2000		3000		3000		0.217296
2000		1000		2000		0.442968
2000		1000		2000		0.207679
2000		1000		2000		0.208864
2000		4000		1000		0.234160
2000		2000		3000		0.208864
2000		1000		2000		0.208864
2000		2000		3000		0.409360
2000		2000		3000		0.208864
2500		5000		3000		0.536119
2000		2000		3000		0.208864
15200		17000		11000		0.517040
12800		12000		7000		0.242656
5000		10000		6000		0.208864
2000		3000		3000		0.367835
2000		2000		3000		0.208864
2000		3000		3000		0.208864
2000		1000		2000		0.208864
2000		2000		2000		0.635216
2000		2000		3000		0.208864
2000		2000		2000		0.208864
2500		5000		4000		0.409296
2000		3000		3000		0.208864
2000		3000		3000		0.194848
2000		1000		2000		0.122865
2000		1000		2000		0.103800
2000		1000		2000		0.096223
2000		2000		2000		0.208864
2000		1000		2000		0.453486
2000		3000		2000		0.709485
12000		13000		9000		0.451584
5000		10000		4000		8.929800
2000		3000		3000		0.033664
2000		2000		3000		0.208864
2000		0		1000		0.217296
2000		3000		2000		0.626720
2000		1000		2000		0.208864
2000		0		2000		0.208864
2000		1000		2000		0.208864
2000		1000		1000		0.217296
2000		3000		3000		0.208864
2000		3000		3000		0.617819
2000		2000		2000		0.891234
2000		1000		2000		0.208864
2000		2000		3000		0.208864
2000		1000		2000		0.208864
2000		3000		3000		0.408075
2000		2000		2000		0.157755
2000		2000		3000		0.208864
2000		3000		3000		0.208864
2000		1000		2000		0.208864
2500		5000		3000		0.225728
2000		2000		3000		0.294652
2000		2000		3000		0.208864
2000		2000		1000		0.409424
2000		3000		3000		0.208864
2000		3000		2000		0.443152
4500		9000		3000		0.451584
2000		3000		3000		0.217296
2000		2000		3000		0.120314
2000		2000		3000		0.334732
2000		2000		3000		0.178261
2000		4000		4000		0.142395
2000		3000		3000		0.134425
2000		4000		2000		0.618352
2000		1000		2000		0.208864
2000		1000		2000		0.208864
2000		2000		3000		0.949710
2000		2000		2000		0.626720
2000		1000		2000		0.208864
2000		2000		3000		0.208864
2000		3000		3000		0.033664
2000		1000		1000		0.409360
2000		2000		2000		0.208864
2000		2000		3000		0.208864
2000		1000		2000		0.061473
2000		2000		3000		0.208864
2000		4000		3000		0.217296
3000		6000		1000		0.633570
2000		3000		3000		0.208864
2000		3000		3000		0.208864
2000		2000		3000		0.208864
2000		1000		2000		0.270936
12000		13000		4000		0.468640
5500		11000		5000		0.276320
2000		3000		3000		8.547880
3000		6000		4000		0.234160
2000		2000		1000		0.409424
2000		2000		2000		0.208864
2000		0		2000		0.091594
2000		2000		3000		0.217296
2000		2000		3000		0.208864
2000		3000		3000		0.461810
2000		2000		2000		0.426224
2000		1000		2000		0.190135
2000		0		2000		0.049783
2000		1000		2000		0.208864
2000		2000		3000		0.208864
2000		2000		3000		0.084615
2500		5000		2000		0.566662
2000		2000		2000		0.217792
2000		1000		2000		0.208864
2000		2000		1000		0.417792
2000		0		2000		0.208864
2000		2000		3000		0.208864
2000		2000		2000		0.262488
2000		4000		4000		0.217296
2000		2000		3000		0.217296
2000		2000		3000		0.208864
2000		2000		2000		0.818784
2000		0		2000		0.074169
2000		1000		2000		0.824690
2000		2000		3000		0.208864
5000		10000		2000		0.426352
2000		3000		2000		0.618352
2000		0		2000		0.086242
2000		4000		3000		0.208864
2000		3000		3000		0.595299
3000		6000		3000		0.621803
2000		2000		3000		0.348963
2000		1000		2000		0.208864
2000		2000		3000		0.499663
2000		2000		1000		0.818784
2000		2000		3000		0.053611
2000		1000		2000		0.208864
3000		6000		4000		0.208864
2000		4000		5000		0.059617
2000		2000		1000		0.669728
2000		2000		3000		0.208864
2000		2000		3000		0.208864
2000		0		2000		0.020462
2000		2000		3000		0.208864
2000		2000		2000		0.818784
3000		6000		3000		0.267952
12000		12000		4000		0.460080
5000		10000		5000		0.225728
2000		4000		2000		0.218214
2000		2000		3000		0.222124
2000		3000		3000		0.404555
2000		1000		1000		0.897414
2000		3000		2000		0.835152
2000		1000		2000		0.197320
2000		2000		3000		0.417296
2000		1000		1000		0.835648
2000		1000		2000		0.208864
2000		2000		3000		0.208864
2000		1000		2000		0.208864
2000		1000		2000		0.937289
2000		1000		1000		0.626720
2000		2000		3000		0.600368
2000		3000		1000		0.618352
2000		3000		3000		0.217296
2000		1000		2000		0.208864
2000		4000		3000		0.208864
2000		2000		3000		0.208864
2000		4000		3000		0.626785
2000		2000		3000		0.345674
2000		2000		1000		0.824189
2000		3000		1000		0.626720
12000		13000		12000		0.322048
2000		1000		2000		0.208864
2000		2000		1000		0.609856
2000		3000		3000		0.208864
2000		0		2000		0.089731
2000		2000		3000		0.916767
2000		1000		2000		0.208864
2000		2000		3000		0.208864
2000		3000		2000		0.434592
2000		2000		3000		0.525322
2000		2000		2000		0.609856
2000		0		2000		0.113421
2000		0		2000		0.329210
2000		1000		2000		0.892459
2000		3000		1000		0.852704
2000		1000		2000		0.208864
2000		1000		2000		0.208864
2000		1000		2000		0.926112
2000		1000		2000		0.946228
2000		4000		3000		0.208864
2000		1000		2000		0.208864
2000		3000		1000		0.217296
2000		3000		2000		0.643584
2000		4000		2000		0.626720
2000		2000		3000		0.208864
2500		5000		3000		0.409360
13600		15000		11000		0.259520
5500		11000		6000		0.208864
2500		5000		2000		0.635216
2000		2000		1000		0.417792
2000		2000		3000		0.208864
2000		3000		2000		0.618352
2000		2000		3000		0.208864
2000		2000		3000		0.208864
2000		2000		3000		0.433816
2000		2000		3000		0.208864
2000		2000		3000		0.208864
2000		1000		2000		0.208864
2000		3000		3000		0.208864
2000		3000		1000		0.400928
2000		1000		2000		0.169743
2000		1000		2000		0.115302
2000		3000		3000		0.217296
2000		4000		3000		0.208864
2000		3000		3000		0.196168
2000		1000		2000		0.108676
2000		2000		1000		0.417856
2000		0		2000		0.039831
3000		6000		4000		0.217296
2000		2000		3000		0.208864
5000		10000		3000		0.592992
2000		4000		2000		10.725700
2000		2000		3000		0.208864
2000		1000		2000		8.404270
2000		4000		3000		0.217296
2000		1000		2000		2.412480
2000		1000		2000		0.208864
2000		3000		3000		0.217296
2000		1000		2000		0.208864
2000		2000		1000		0.409424
2000		0		2000		0.143001
3000		6000		3000		0.276448
2000		2000		3000		0.340562
2000		1000		2000		0.858337
2000		2000		3000		0.217296
2000		0		2000		0.074142
2000		4000		3000		0.217296
2000		4000		2000		0.618352
2000		2000		3000		0.208864
2000		1000		2000		0.075085
2000		3000		2000		0.733869
2000		1000		2000		0.202417
2000		1000		2000		0.168063
2000		1000		2000		0.068973
2000		2000		2000		0.208864
2500		5000		3000		0.699956
2000		1000		1000		0.409360
3000		6000		4000		0.270024
2000		2000		3000		0.208864
5000		10000		4000		0.426288
2000		3000		3000		0.208864
2000		2000		3000		0.208864
2000		0		2000		0.130198
3000		6000		4000		0.208864
2000		0		2000		0.054168
2000		2000		3000		0.844951
2000		0		2000		0.047008
2500		5000		4000		0.137808
2500		5000		3000		0.208319
2000		2000		3000		0.146588
2000		4000		3000		0.720045
2000		2000		3000		0.208864
2000		2000		3000		0.208864
2000		4000		3000		0.650723
2000		4000		1000		0.852458
2000		1000		2000		0.208864
2000		2000		2000		0.217296
2000		1000		1000		0.918965
2000		1000		2000		0.208864
2000		1000		2000		0.198111
2000		2000		3000		0.208864
2000		4000		1000		0.234160
5500		11000		1000		0.426352
2500		5000		2000		0.434656
2000		3000		3000		0.033664
2000		1000		2000		2.295200
2000		1000		2000		0.208864
2000		2000		3000		0.208864
2000		3000		2000		0.775520
2000		2000		3000		0.880281
2000		1000		1000		0.408864
2000		1000		2000		0.208864
2000		0		2000		0.105686
2000		1000		2000		0.208864
2000		2000		3000		0.393556
2000		1000		2000		0.208864
2000		3000		2000		0.846795
2000		3000		3000		0.208864
2000		3000		3000		0.216800
2000		2000		2000		0.395148
2000		3000		3000		0.517756
2000		2000		3000		0.208864
2000		4000		3000		0.208864
2000		1000		2000		0.208864
2000		1000		2000		0.172346
2000		2000		3000		0.208864
2000		4000		3000		0.208800
2000		2000		1000		0.643648
2500		5000		2000		0.417792
2000		2000		2000		0.188668
5000		10000		5000		0.217232
2000		3000		3000		0.639306
2000		1000		2000		0.396491
2000		1000		2000		0.208864
2000		3000		2000		0.912149
2000		2000		1000		0.417792
2500		5000		4000		0.132183
2000		3000		1000		0.772414
2000		2000		2000		0.208864
2000		1000		2000		0.437453
2000		3000		3000		0.208864
2000		1000		2000		0.129184
2000		4000		3000		0.199420
2000		1000		2000		0.208864
2000		3000		2000		0.242656
2000		2000		2000		0.152349
2000		2000		3000		0.208864
2500		5000		5000		0.108410
2000		4000		2000		0.670478
2000		1000		2000		0.208864
2000		2000		3000		0.208864
2000		2000		2000		0.208864
2000		1000		1000		0.409360
2000		1000		2000		0.208864
2000		0		2000		0.208864
2000		0		2000		0.089946
2000		1000		2000		0.208864
4000		8000		4000		0.365344
2000		1000		2000		0.173712
2000		1000		2000		0.305484
2000		0		2000		0.097445
2000		3000		2000		0.666885
2000		4000		3000		0.217296
2000		2000		2000		0.835904
2000		2000		3000		0.490188
2000		1000		2000		0.208864
2000		1000		2000		0.473564
2000		4000		4000		0.217296
2000		0		2000		0.129726
2500		5000		4000		0.225728
2000		3000		3000		0.217232
2000		3000		3000		0.208864
2000		1000		2000		0.208864
2000		1000		2000		0.131280
2000		1000		2000		0.208864
2000		1000		2000		0.925628
15200		17000		15000		0.242528
12000		11000		9000		0.417856
11200		12000		10000		0.191943
2000		2000		3000		0.208864
2000		3000		3000		0.217296
3000		6000		4000		0.194617
2000		2000		2000		0.233387
2000		2000		3000		0.208864
2000		1000		1000		0.408864
2000		1000		2000		0.172175
2000		1000		2000		0.136800
2000		3000		3000		0.033664
2000		2000		3000		0.208864
2000		3000		2000		0.234899
2000		1000		2000		0.017539
2000		4000		3000		0.208864
2000		0		2000		0.193078
2000		2000		3000		0.208864
2000		3000		3000		0.217296
2000		1000		2000		0.347673
2000		2000		1000		0.643648
4500		9000		2000		0.660512
2000		2000		1000		0.720178
2500		5000		2000		0.506039
2000		4000		3000		0.344933
4000		8000		5000		0.208864
2000		2000		2000		0.359223
2000		2000		3000		0.373042
2000		2000		3000		0.208864
2000		4000		3000		0.217296
2000		0		2000		0.208864
2000		3000		1000		0.818848
2000		1000		1000		0.951600
2000		2000		3000		0.520480
2000		1000		2000		0.208864
2000		1000		2000		0.093842
2000		3000		3000		0.217296
2000		3000		3000		0.208864
2000		2000		3000		0.519924
2000		2000		3000		0.208864
2000		0		2000		0.110106
2000		1000		2000		0.208864
2000		1000		2000		0.473780
2000		2000		2000		0.609856
2000		2000		2000		0.208864
2000		1000		2000		0.208864
2000		2000		3000		0.208864
2000		1000		2000		0.208864
2000		1000		2000		0.289367
4500		9000		3000		0.225728
2500		5000		4000		0.217296
2000		3000		3000		0.465830
2000		2000		2000		0.844272
2000		2000		1000		0.924523
2500		5000		2000		0.417856
2000		1000		2000		0.207469
2500		5000		2000		0.426288
2000		3000		2000		0.626784
2000		4000		4000		0.208800
2000		3000		3000		0.033664
2000		1000		2000		0.417296
2000		1000		2000		0.208864
2000		0		2000		0.099210
2500		5000		2000		0.737735
2500		5000		3000		0.217296
2000		3000		2000		0.417792
2000		3000		3000		0.217296
2000		1000		1000		0.835648
2000		0		2000		0.090794
2000		1000		1000		0.952733
2000		3000		1000		1.027710
2000		0		2000		0.038282
2000		2000		1000		0.883663
2000		2000		2000		0.426224
23200		27000		7000		0.462016
18400		22000		13000		0.311920
14400		16000		10000		0.360768
11200		12000		9000		0.425643
3000		6000		4000		0.208864
2000		3000		2000		0.208864
2000		3000		3000		0.208864
2000		1000		2000		0.158296
2000		1000		2000		0.112037
2000		2000		3000		0.208864
2000		3000		3000		0.208864
2000		2000		2000		0.417792
2000		1000		2000		0.879801
2000		3000		1000		0.417792
2000		2000		3000		0.182027
2000		2000		2000		0.643776
2000		1000		2000		0.208864
2000		1000		2000		0.917631
2000		2000		3000		0.208864
2000		2000		3000		0.133248
2000		4000		1000		0.835584
2000		3000		2000		0.409360
2000		1000		2000		0.077726
5000		10000		3000		0.680015
2000		2000		3000		0.126814
2500		5000		5000		0.120357
2000		3000		3000		0.087122
2000		1000		1000		0.225792
2000		1000		2000		0.281534
2000		3000		3000		0.208864
2000		4000		2000		0.626720
2000		1000		2000		0.226703
2000		1000		2000		0.148226
2000		2000		1000		0.609856
2000		1000		2000		0.208864
2000		1000		2000		0.056906
2000		4000		3000		0.423058
2000		1000		2000		0.013634
2000		1000		2000		0.927149
2000		1000		1000		0.626720
2000		1000		2000		0.208864
2000		2000		2000		0.409360
2000		2000		3000		0.208864
2000		3000		2000		0.217296
2000		1000		2000		0.169889
2000		1000		2000		0.208864
2000		3000		3000		0.208864
3000		6000		2000		0.652041
2000		2000		3000		0.208864
5500		11000		6000		0.375568
2000		3000		1000		0.417792
2000		1000		2000		0.103144
2000		3000		2000		0.030004
2000		2000		3000		0.187307
3000		6000		4000		0.202303
2000		1000		2000		0.290710
2000		1000		2000		0.208864
2000		1000		2000		0.271899
2000		3000		2000		0.732404
2000		3000		2000		0.827280
2000		1000		2000		0.212701
2000		1000		2000		0.208864
2000		4000		3000		0.466917
2000		2000		3000		0.196530
3000		6000		4000		0.409360
2000		1000		2000		0.208864
2000		2000		2000		0.782158
2000		2000		3000		0.217296
2000		1000		2000		0.208864
2000		3000		3000		0.468387
2000		2000		1000		0.409424
2000		1000		1000		0.409360
2000		2000		3000		0.208864
2000		2000		3000		0.208864
5500		11000		6000		0.392496
2000		3000		2000		0.626848
2000		2000		3000		0.208864
2000		4000		4000		0.121188
2000		2000		2000		0.400928
2000		3000		3000		0.208864
2000		1000		2000		0.208864
2500		5000		2000		0.626288
2000		4000		3000		0.572435
2000		1000		2000		0.208864
2000		3000		3000		0.208864
2000		2000		2000		0.825072
2000		2000		3000		0.208864
2000		2000		3000		0.208864
2000		2000		3000		0.174369
2000		4000		3000		0.452789
2000		1000		1000		0.417792
2500		5000		3000		0.588615
2000		4000		3000		0.434592
2000		1000		2000		0.208864
2000		2000		2000		0.626720
2500		5000		3000		0.517465
12800		15000		4000		0.576256
5500		11000		6000		0.407629
2000		2000		3000		0.208864
2000		0		2000		0.005655
2000		2000		3000		0.879782
2000		3000		2000		0.626720
2000		0		2000		0.054737
2000		4000		2000		0.618224
2000		2000		3000		0.208864
2000		3000		3000		0.208864
2500		5000		3000		0.208864
2000		1000		2000		0.022942
2000		1000		2000		0.214073
2500		5000		3000		0.225728
2000		2000		3000		0.208864
2000		1000		1000		0.217296
2500		5000		5000		0.219482
2000		2000		3000		0.202618
2000		1000		2000		0.208864
2000		1000		2000		0.092069
2500		5000		3000		0.242592
2000		1000		2000		0.085673
2000		2000		3000		0.208864
2000		1000		1000		0.918225
2000		2000		2000		0.208864
2000		0		2000		0.093492
2000		3000		2000		0.217296
2000		3000		3000		0.234224
2000		2000		3000		0.016800
11200		12000		12000		0.208864
5000		10000		1000		0.635216
2000		4000		3000		0.208864
2000		4000		2000		0.225792
2000		3000		4000		0.033664
2000		2000		3000		0.179726
2000		2000		3000		0.208864
2000		1000		2000		0.208864
2000		1000		2000		0.246246
2000		2000		3000		0.417296
2500		5000		2000		0.384000
2000		3000		3000		0.482332
2000		1000		2000		0.134890
2000		3000		3000		0.208864
2000		0		2000		0.027351
2000		1000		2000		0.457281
2500		5000		2000		0.392496
2000		4000		3000		0.217296
2000		1000		2000		0.208864
2000		3000		1000		0.392432
2000		3000		3000		0.217296
2000		2000		3000		0.208864
2000		1000		1000		0.417792
2000		1000		1000		0.835648
4500		9000		2000		0.392560
2000		4000		2000		7.799070
2000		4000		2000		4.276370
3000		6000		2000		0.626784
2000		0		3000		0.317432
2000		0		2000		0.108072
2000		1000		1000		0.952152
2000		3000		2000		0.804543
2000		2000		2000		0.417792
2000		3000		3000		0.217296
2000		3000		2000		0.626720
2000		2000		2000		0.208864
3000		6000		4000		0.208864
2000		3000		3000		0.156138
2000		1000		2000		0.131242
2000		2000		3000		0.208864
2000		2000		3000		0.208864
2000		3000		1000		0.618352
2000		3000		3000		0.168236
2000		1000		2000		0.135951
2000		0		2000		0.176631
2000		1000		2000		0.208864
12000		13000		3000		0.662387
2000		1000		2000		0.793652
2000		2000		3000		0.208864
2000		3000		3000		0.208864
2000		2000		3000		0.208864
2000		3000		2000		0.605582
2000		4000		2000		0.617792
2000		1000		2000		0.208864
2000		0		2000		0.059740
2500		5000		3000		0.251088
2000		1000		2000		0.234064
2000		0		2000		0.181529
2000		2000		3000		0.208864
2000		2000		3000		0.499893
3000		6000		4000		0.217296
3500		7000		3000		0.615952
2000		3000		3000		0.216800
2000		2000		3000		0.208864
2000		0		2000		0.110916
2000		1000		2000		0.504682
2000		1000		2000		0.208864
2000		1000		2000		0.931436
2000		0		2000		0.087356
2000		1000		1000		0.935388
2000		2000		3000		0.208864
2000		1000		2000		0.208864
2000		1000		1000		0.217296
4000		8000		3000		0.365344
2000		1000		2000		0.173712
2000		4000		1000		0.841349
2000		2000		2000		0.890280
2000		4000		4000		0.033664
2000		2000		2000		0.626720
2000		0		2000		0.130362
2000		1000		2000		0.452787
2000		1000		2000		0.208864
2500		5000		2000		0.727206
2500		5000		1000		0.417792
2000		3000		3000		0.208864
2000		3000		3000		0.217296
2000		4000		1000		0.417792
2000		1000		2000		0.208864
2000		2000		2000		0.835904
2000		4000		1000		0.400928
2000		2000		3000		0.863608
2000		1000		2000		0.136156
2000		4000		3000		0.208864
2000		3000		1000		0.225728
2000		2000		3000		0.208864
2000		1000		1000		0.217296
17600		20000		11000		0.409552
13600		16000		15000		0.241706
3000		6000		5000		0.107896
2000		3000		2000		0.225728
2000		1000		2000		0.208864
2000		1000		2000		0.208864
2000		3000		3000		0.355023
2000		1000		2000		0.208864
2000		3000		2000		0.217296
2000		1000		2000		0.285677
2000		1000		2000		0.208864
2000		3000		3000		0.217296
2000		2000		3000		0.793456
2000		2000		2000		0.400928
2000		4000		3000		0.208864
2000		1000		2000		0.196965
2000		3000		1000		0.898155
2000		3000		3000		0.208864
2000		2000		3000		0.390593
2000		0		2000		0.050532
2500		5000		3000		0.592928
2000		3000		3000		0.208864
2000		0		2000		0.080546
2000		1000		2000		0.208864
2000		1000		2000		0.908642
2000		1000		2000		0.208864
2000		0		2000		0.096678
18400		21000		10000		0.409488
14400		17000		13000		0.259520
12800		14000		8000		0.392560
5500		11000		3000		0.443216
2000		2000		3000		0.494332
2000		1000		2000		0.477404
2500		5000		2000		0.724664
2000		4000		3000		0.217296
2000		1000		2000		0.208864
2500		5000		4000		0.492016
2000		3000		3000		0.724154
2500		5000		4000		0.217232
3500		7000		1000		0.586822
2000		1000		2000		0.310429
2000		2000		3000		0.208864
14400		16000		15000		0.259392
11200		11000		12000		0.208864
5000		10000		6000		0.217232
2000		3000		3000		0.208864
2000		1000		1000		0.626720
2000		0		2000		1.407680
2000		2000		3000		0.208864
2000		3000		3000		0.208864
2000		1000		2000		0.349633
2000		1000		2000		0.208864
2000		2000		3000		0.208864
2500		5000		2000		0.626288
2000		0		2000		0.059668
2000		0		2000		0.198827
2000		0		2000		0.160086
2000		3000		3000		0.417856
2000		1000		2000		0.208864
2000		3000		3000		0.192771
2000		2000		3000		0.208864
2000		3000		3000		0.216800
2000		1000		1000		0.409360
2000		2000		3000		0.208864
2000		1000		2000		0.096605
2000		4000		2000		0.838401
2000		4000		1000		0.832090
2000		2000		2000		0.824400
2000		1000		2000		0.824400
2000		0		2000		0.166374
11200		12000		8000		0.451520
4500		9000		4000		0.242592
2000		4000		1000		0.409424
2500		5000		4000		0.317560
2000		1000		2000		0.208864
2000		0		2000		0.101385
2000		4000		3000		0.743518
2000		1000		2000		0.208864
2000		0		2000		0.024312
2000		3000		3000		0.454492
2000		4000		2000		0.649511
2000		3000		3000		0.664091
2000		2000		1000		0.217296
2000		4000		3000		0.225728
2000		3000		2000		0.723625
2000		1000		2000		0.208864
3000		6000		3000		0.225728
4000		8000		6000		0.348416
2000		0		2000		0.031056
2000		4000		2000		0.409424
3500		7000		2000		0.665981
2000		0		2000		0.208864
2000		1000		2000		0.208864
2000		1000		2000		0.668723
2000		3000		3000		0.232617
2000		4000		2000		0.626720
2000		2000		3000		0.208864
2000		0		2000		0.037329
2000		3000		1000		0.225728
2000		3000		3000		0.417444
2000		3000		3000		0.208864
2000		2000		3000		0.208864
2000		2000		3000		0.208864
2000		0		2000		0.058176
2000		3000		1000		0.417792
2000		0		2000		0.076068
2000		2000		3000		0.347289
2000		1000		1000		0.626720
2000		1000		1000		0.626720
2000		1000		2000		0.458811
2000		2000		3000		0.208864
2000		1000		2000		0.208864
15200		17000		15000		0.242528
12000		12000		9000		0.172383
3000		6000		4000		0.208864
2000		2000		3000		0.146586
2000		3000		3000		0.381308
2000		2000		3000		0.208864
2000		1000		2000		0.040964
2000		0		2000		0.016054
2500		5000		3000		0.225728
2000		4000		2000		0.626720
2000		4000		3000		0.217232
2000		2000		3000		0.208864
2000		2000		1000		0.409424
2000		2000		3000		0.208864
2000		1000		2000		0.208864
2000		1000		2000		0.869915
2000		1000		2000		0.466779
2000		3000		3000		0.217296
2000		2000		3000		0.466683
2000		1000		2000		0.496869
2000		2000		3000		0.217296
2000		2000		1000		0.409424
2000		1000		2000		0.208864
2000		3000		3000		0.208864
20800		22000		20000		0.191902
2000		2000		3000		0.208864
2000		2000		3000		0.081012
2000		0		2000		0.014947
2000		2000		2000		0.130499
2000		4000		3000		0.395258
2000		2000		3000		0.467436
2000		2000		3000		0.208864
2000		1000		1000		0.217856
2000		1000		2000		0.847977
3500		7000		3000		0.546068
2500		5000		3000		0.208864
2000		1000		2000		0.230748
2000		1000		2000		0.208864
2000		1000		2000		0.208864
2000		1000		2000		0.060889
2000		3000		2000		0.917919
2000		4000		2000		0.417856
2000		2000		2000		0.417792
2000		1000		2000		0.017202
12800		14000		5000		0.550768
5500		11000		7000		0.183676
2500		5000		5000		0.139547
2000		2000		3000		0.189376
2000		3000		2000		0.626720
2000		0		2000		0.009945
2000		0		2000		0.061453
2000		1000		2000		0.208864
2000		1000		2000		0.208864
2500		5000		3000		0.443088
2000		1000		2000		0.135939
2000		2000		3000		0.208864
2000		1000		1000		0.835648
2000		4000		4000		0.202312
2000		1000		2000		0.146035
2000		0		2000		0.146035
3500		7000		3000		0.607692
2000		3000		1000		0.400928
2000		2000		2000		0.185513
2000		0		2000		0.021605
2000		1000		2000		0.152588
2000		1000		2000		0.390199
2000		0		2000		0.022759
12000		14000		10000		0.460080
5000		10000		6000		0.217296
2000		4000		4000		0.183197
2000		2000		3000		0.208864
2000		0		2000		0.006190
2000		1000		2000		0.166721
2000		4000		3000		0.208864
2000		4000		4000		0.139419
2000		1000		2000		0.174837
2000		1000		2000		0.134461
2000		1000		2000		0.208864
2000		4000		2000		0.822930
2500		5000		3000		0.434720
2500		5000		3000		0.513856
2500		5000		2000		0.708322
2000		1000		2000		0.208864
2000		1000		2000		0.798459
2000		2000		3000		0.208864
2000		4000		3000		0.225728
2000		3000		1000		0.797368
2000		1000		2000		0.205940
11200		13000		9000		0.251088
5000		10000		4000		0.409424
2000		4000		5000		0.027744
2000		3000		3000		0.330370
2000		1000		2000		0.421459
2000		1000		2000		0.145482
2500		5000		3000		0.225728
2000		0		2000		0.052490
2000		2000		1000		0.208864
2000		2000		1000		0.626720
2000		0		2000		0.103349
2000		2000		2000		0.818784
2000		1000		1000		0.409360
2000		0		2000		0.097661
2000		3000		2000		0.367330
2000		2000		3000		0.208864
2000		0		2000		0.212299
2000		4000		4000		0.213851
2000		2000		3000		0.225728
2000		1000		2000		0.151155
2500		5000		3000		0.618352
2000		1000		2000		0.097415
2000		2000		2000		0.094423
2000		2000		2000		0.350597
2000		3000		3000		0.216800
12800		13000		10000		0.242464
5000		10000		1000		0.582843
2500		5000		2000		0.566736
2000		2000		2000		0.183561
2000		1000		2000		0.076045
2000		4000		4000		0.103053
2000		4000		3000		0.208864
2000		1000		2000		0.208864
2000		2000		2000		0.635152
2000		1000		2000		0.208864
2000		1000		2000		0.473079
2000		2000		3000		0.401786
2000		4000		3000		0.430769
2000		4000		4000		0.217296
2000		4000		3000		0.208864
2000		2000		3000		0.208864
2000		3000		2000		0.626784
2000		2000		1000		0.409424
2000		3000		2000		0.837145
2000		0		2000		0.156837
2000		1000		2000		0.130969
3500		7000		5000		0.058960
16000		19000		16000		0.251088
12800		14000		7000		0.534160
5000		10000		4000		0.622234
2000		2000		3000		0.208864
2000		4000		3000		0.196186
2000		1000		2000		0.102497
2000		1000		2000		0.680146
2000		1000		1000		0.409360
2000		1000		2000		0.199630
2000		3000		3000		0.608864
2000		3000		1000		0.225728
2000		2000		2000		0.815558
2000		3000		3000		0.360396
2000		0		2000		0.191180
2000		2000		3000		0.208864
2000		2000		3000		0.188155
2000		2000		2000		0.857396
2000		4000		4000		0.217296
2000		2000		2000		0.818784
2000		0		2000		0.088005
2000		4000		3000		0.208864
2000		1000		1000		0.926043
2000		2000		3000		0.208864
24000		28000		19000		0.377568
19200		22000		10000		0.702736
15200		18000		15000		0.267888
12000		13000		6000		0.350272
5500		11000		6000		0.208864
2000		3000		3000		0.571784
2000		1000		2000		0.998507
2000		0		2000		0.110281
2000		1000		2000		0.208864
2000		1000		2000		0.208864
2000		2000		3000		0.931853
2000		3000		2000		0.618352
2000		1000		2000		0.208864
4000		8000		2000		0.592928
2000		3000		4000		0.149533
2500		5000		2000		0.786047
16000		19000		5000		0.645806
2000		4000		2000		0.417792
2000		1000		2000		0.256873
2000		2000		3000		0.143744
2000		2000		3000		0.208864
2000		4000		3000		0.271683
2000		2000		3000		0.217296
2000		1000		2000		0.196809
2000		2000		2000		0.384433
2000		3000		3000		0.208864
2000		3000		3000		0.414379
2500		5000		2000		0.626656
2000		4000		2000		0.626720
2000		3000		3000		0.208864
2000		3000		3000		0.650584
2000		4000		2000		0.409360
2000		1000		2000		0.024627
2000		1000		2000		0.208864
2000		1000		1000		0.626720
2000		0		2000		0.082159
2500		5000		3000		0.470861
2000		1000		2000		0.201790
2000		1000		2000		0.208864
5500		11000		4000		0.808704
2000		0		2000		0.097158
2000		2000		2000		0.395214
2000		2000		3000		0.208864
2000		1000		2000		0.208864
2000		0		2000		0.048931
2000		3000		1000		0.225728
2000		0		2000		0.208864
2000		0		2000		0.112492
2000		0		2000		0.208864
2000		3000		2000		0.643584
2000		1000		2000		0.085970
2000		2000		3000		0.217296
2000		4000		4000		0.217296
2000		1000		2000		0.201189
2000		4000		4000		0.218494
2000		1000		2000		0.208864
2000		4000		3000		0.501073
2000		3000		3000		0.208864
2000		3000		3000		0.307123
2000		2000		2000		0.091383
2000		1000		2000		0.048413
2000		4000		3000		0.225728
2000		0		2000		0.070594
2000		3000		2000		0.626848
2000		3000		3000		0.208864
4500		9000		3000		0.451584
2000		3000		3000		0.208864
2000		3000		3000		0.225664
2000		2000		1000		0.409424
2000		2000		3000		0.208864
2000		4000		3000		0.208864
2000		2000		3000		0.208864
2000		2000		3000		0.950408
2500		5000		3000		0.208864
2500		5000		3000		0.589256
2000		3000		3000		0.033664
2000		4000		2000		0.409360
2000		1000		2000		0.088178
2000		3000		3000		0.217232
2000		3000		2000		0.333523
2000		2000		3000		0.208864
2000		1000		2000		0.123295
2000		2000		3000		0.376288
2000		4000		3000		0.417792
2000		3000		3000		0.217296
2000		2000		3000		0.208864
2000		2000		3000		0.208864
2000		2000		3000		0.225792
4500		9000		2000		0.720114
2500		5000		3000		0.217232
2000		3000		3000		0.208864
2000		1000		2000		0.086317
2000		3000		3000		0.208864
2000		4000		2000		0.848931
2000		0		2000		0.208864
2000		3000		3000		0.208864
2000		1000		2000		0.272509
2000		2000		3000		0.208864
2000		0		2000		0.059501
2000		1000		2000		0.208864
2000		2000		1000		0.225792
2000		4000		3000		0.208864
2000		1000		2000		0.208864
2000		0		2000		0.129149
2000		3000		3000		0.208864
2000		4000		3000		0.426224
2000		3000		3000		0.447890
2000		2000		1000		0.409424
2000		2000		3000		0.208864
2000		3000		3000		0.276550
2500		5000		3000		0.820662
12800		14000		9000		0.276384
5000		10000		4000		0.276320
3000		6000		3000		0.409424
2000		4000		3000		0.208864
2000		2000		2000		0.426224
2000		2000		2000		0.208864
2000		1000		2000		0.202020
2000		2000		2000		0.626784
2000		2000		3000		0.208864
2000		1000		2000		0.208864
2000		3000		3000		0.197374
2000		2000		1000		0.417792
2000		3000		3000		0.208864
2000		3000		3000		0.479570
2000		4000		3000		0.217296
2000		2000		3000		0.208864
2000		2000		3000		0.208864
2000		2000		3000		0.208864
2000		4000		3000		0.428816
2000		2000		1000		0.426288
2000		0		2000		0.005707
2500		5000		4000		0.217296
11200		12000		9000		0.208864
4500		9000		5000		0.189703
2000		4000		3000		0.217296
2000		4000		1000		0.635216
2000		2000		3000		0.208864
3500		7000		3000		0.267952
2000		2000		1000		0.217296
2000		1000		2000		0.202217
2000		3000		3000		0.208864
2000		1000		2000		0.101819
2000		3000		3000		0.208864
2000		3000		2000		0.225728
2000		1000		1000		0.956017
2000		1000		2000		0.208864
2500		5000		3000		0.461765
2000		4000		3000		0.208864
2000		0		2000		0.181001
2000		1000		2000		0.208864
2000		1000		2000		0.208864
2000		4000		1000		0.826912
2000		2000		2000		0.909059
5000		10000		4000		0.217232
2000		2000		3000		0.208864
2000		1000		2000		0.208864
2000		1000		2000		0.208864
2000		2000		1000		1.044700
2500		5000		4000		0.417296
2000		1000		2000		0.208864
2000		4000		3000		0.217296
2000		3000		3000		0.208864
2000		2000		3000		0.208864
2000		2000		3000		0.208864
2000		4000		3000		0.217296
2000		1000		2000		0.208864
2000		2000		3000		0.409360
2000		1000		2000		0.208864
2000		3000		3000		0.335953
2000		3000		1000		0.225728
2000		2000		3000		0.208864
2000		2000		3000		0.208864
2000		1000		2000		0.932732
2000		3000		3000		0.216800
4500		9000		5000		0.720306
2000		1000		2000		0.040557
2000		2000		2000		0.626784
2000		3000		3000		0.208864
2000		0		2000		0.095346
2000		2000		3000		0.208864
2000		1000		2000		0.208864
2000		0		2000		0.078931
2000		3000		3000		0.208864
2000		2000		3000		0.485939
2000		1000		2000		0.166045
2000		1000		2000		0.208864
2000		4000		2000		0.834720
2000		2000		2000		0.626784
2500		5000		1000		0.601424
2000		3000		3000		0.840214
2500		5000		2000		0.545844
2000		1000		2000		0.180190
2000		3000		3000		0.305027
2000		2000		3000		0.208864
2000		2000		1000		0.626784
2000		3000		3000		0.217296
2000		1000		2000		0.076797
2000		2000		2000		0.208864
2000		1000		2000		0.141127
2000		2000		2000		0.823118
