ssthresh	bytesInFlight	cWndAtTheEnd	TimeSpentInRecovery
12800		14000		2000		0.771296
2000		4000		3000		0.782866
2000		4000		1000		0.208864
2000		3000		2000		0.201611
2000		1000		2000		0.203451
2000		1000		1000		0.217691
2000		1000		1000		0.208864
2000		1000		1000		0.896164
2000		1000		1000		0.208864
2000		3000		3000		0.217232
2000		3000		0		0.783850
2000		3000		1000		0.208864
2000		1000		1000		0.658584
2000		2000		2000		0.109694
2500		5000		0		0.906719
2500		5000		3000		0.225728
2000		1000		1000		0.208864
2000		2000		2000		0.208864
2000		3000		2000		0.208864
2000		4000		1000		0.217296
22400		26000		1000		0.276256
17600		20000		1000		0.417792
13600		16000		1000		0.417792
11200		12000		0		0.417792
11200		12000		1000		0.633517
2000		3000		1000		0.208864
2000		3000		0		0.417792
2000		1000		1000		0.088198
2000		1000		1000		0.922696
2000		4000		1000		0.417792
2000		2000		1000		0.208864
2000		4000		2000		0.208864
2000		1000		2000		0.027502
2000		3000		2000		0.844468
2000		3000		1000		0.208864
2000		1000		1000		0.911934
2000		1000		1000		0.940926
2000		1000		1000		0.208864
31200		37000		11000		0.262047
2500		5000		1000		0.644688
2000		2000		2000		0.208864
2000		1000		1000		0.453796
2000		3000		1000		0.208864
2000		2000		1000		0.426472
2000		1000		0		0.417792
2000		4000		4000		0.208864
2000		1000		2000		0.042507
2000		2000		1000		0.251563
2500		5000		0		0.417792
2000		3000		1000		0.412255
2000		3000		1000		0.208864
2000		3000		1000		0.208864
2000		4000		1000		0.243730
2000		3000		2000		0.573061
2000		0		2000		0.107856
2000		0		2000		0.097970
2500		5000		1000		0.510936
2000		2000		2000		0.114304
2000		1000		1000		0.208864
20000		23000		1000		0.620619
2000		3000		2000		0.208864
2000		1000		1000		0.208864
2500		5000		0		0.672246
2000		1000		1000		0.036966
2000		1000		2000		0.017390
2000		3000		1000		0.217296
2000		4000		2000		0.208864
2000		2000		2000		0.141549
2000		0		2000		0.208864
2000		1000		2000		0.208864
2000		3000		1000		0.499159
2500		5000		2000		0.302210
2000		1000		2000		0.208864
2000		3000		1000		0.903943
2000		0		2000		0.217296
2000		2000		1000		0.208864
2000		1000		1000		0.859772
2000		2000		2000		0.492607
2000		2000		0		0.417792
2000		2000		1000		0.208864
2000		3000		2000		0.633558
2000		4000		2000		0.217296
5500		11000		2000		0.407712
2000		3000		1000		0.122552
2000		1000		1000		0.208864
3000		6000		1000		0.243024
2000		1000		0		0.417792
2000		2000		1000		0.945348
2000		1000		1000		0.888921
2500		5000		4000		0.234160
2000		2000		2000		0.217296
2000		1000		2000		0.174648
2000		2000		2000		0.208864
2000		4000		2000		0.217296
2000		0		2000		0.110842
2000		4000		2000		0.208864
2000		3000		4000		0.089339
2500		5000		3000		0.217232
2000		2000		1000		0.397550
2000		1000		2000		0.238754
2000		1000		2000		0.163490
2000		1000		1000		0.124739
2000		2000		2000		0.309303
2000		4000		2000		0.208864
2000		0		2000		0.009299
2000		4000		0		0.747058
2000		0		2000		0.002585
4500		9000		4000		0.242592
2000		2000		1000		0.208864
2000		3000		2000		0.181717
2000		2000		1000		0.093296
2000		1000		1000		0.204778
2000		2000		1000		0.208864
2000		1000		1000		0.115391
2000		1000		1000		0.208864
2000		3000		1000		0.182794
2000		1000		1000		0.510770
2000		3000		0		0.755001
2000		2000		1000		0.208864
2000		2000		1000		0.459286
2000		1000		1000		0.194791
2000		0		0		0.217296
2000		1000		1000		0.208864
2000		1000		1000		0.208864
2000		1000		1000		0.138237
2000		2000		0		0.834311
2000		1000		0		0.417792
2000		3000		1000		0.877546
2000		3000		1000		0.208864
3000		6000		5000		0.217296
2000		2000		1000		0.753738
2000		0		2000		0.110090
2000		1000		2000		0.311548
2000		1000		1000		0.093547
2000		1000		0		0.720826
2000		2000		1000		0.898176
4000		8000		1000		0.251088
2000		2000		0		0.417792
2000		4000		0		0.417792
2000		1000		2000		0.135017
2000		0		2000		0.208864
2000		2000		2000		0.208864
2000		1000		2000		0.208864
2000		2000		1000		0.208864
2000		1000		1000		0.208864
2000		1000		2000		0.167757
2000		0		2000		0.208864
2000		1000		2000		0.117257
2000		3000		0		0.762157
2000		0		2000		0.115719
2000		1000		1000		0.208864
2000		0		2000		0.107287
2000		2000		1000		0.208864
2000		1000		1000		0.208864
2000		2000		0		0.417792
2000		1000		2000		0.157571
3000		6000		2000		0.234224
2000		2000		2000		0.857704
2000		0		2000		0.038856
2500		5000		0		0.745513
2000		4000		0		0.457105
2000		1000		2000		0.173985
2000		1000		1000		0.062890
2000		2000		1000		0.894317
2000		1000		1000		0.894253
12000		13000		1000		0.650722
2000		3000		1000		0.208864
2000		3000		1000		0.217296
2000		1000		1000		0.921777
2000		2000		0		0.417792
2000		1000		1000		0.208864
2000		3000		3000		0.217232
2000		2000		1000		0.458277
2000		2000		1000		0.949480
2000		1000		2000		0.522246
2000		3000		0		0.917890
2000		2000		2000		0.208864
2000		3000		3000		0.409232
2000		3000		1000		0.275030
2000		2000		1000		0.208864
3000		6000		1000		0.259520
2000		1000		1000		0.208864
2000		1000		1000		0.208864
2000		1000		2000		0.208864
2000		1000		1000		0.208864
2500		5000		3000		0.234160
2000		3000		1000		0.767191
2000		2000		0		0.417792
2000		1000		1000		0.205512
2000		1000		1000		0.173078
2000		3000		1000		0.194221
11200		12000		1000		0.713589
2000		2000		2000		0.224057
2000		2000		1000		0.257496
2000		3000		3000		0.230257
2500		5000		3000		0.217296
2500		5000		4000		0.207643
2000		2000		1000		0.208864
2000		4000		3000		0.225728
2000		2000		0		0.652490
2000		2000		2000		0.110278
2000		2000		1000		0.246545
2000		1000		2000		0.002046
2500		5000		4000		0.426160
2000		3000		1000		0.337730
2000		1000		1000		0.208864
2000		2000		1000		0.895807
2500		5000		2000		0.225728
2000		1000		1000		0.205190
3000		6000		5000		0.217296
5500		11000		1000		0.669053
2000		2000		2000		0.111414
2000		4000		2000		0.336443
2000		4000		3000		0.208864
2000		1000		1000		0.208864
3500		7000		3000		0.400928
2000		2000		2000		0.186941
2000		3000		1000		0.208864
2000		3000		3000		0.217296
2500		5000		3000		0.214091
2000		2000		2000		0.421359
2000		2000		1000		0.208864
2000		1000		1000		0.208864
2000		1000		2000		0.270270
2000		2000		1000		0.208864
2000		4000		2000		0.515516
2000		0		2000		0.013726
2000		1000		2000		0.181405
2000		2000		1000		0.208864
2000		2000		1000		0.887321
2000		2000		1000		0.423923
2000		1000		1000		0.766751
2500		5000		4000		0.225728
2000		1000		2000		0.201190
2000		3000		2000		0.216800
16800		19000		0		0.562287
2000		3000		1000		0.217296
2000		1000		0		0.862980
2000		1000		1000		0.186827
2000		1000		1000		0.156921
2500		5000		1000		0.756830
2000		3000		1000		0.217296
2000		3000		2000		0.201702
2000		1000		1000		0.208864
2000		3000		2000		0.208864
2500		5000		2000		0.345846
2500		5000		3000		0.358058
4000		8000		4000		0.208864
2000		2000		0		0.681450
2000		4000		1000		0.426224
2000		1000		2000		0.029950
2000		0		2000		0.014057
2500		5000		3000		0.216800
13600		15000		1000		0.434592
5000		10000		5000		6.256120
2000		2000		0		3.867860
2000		3000		1000		0.208864
2500		5000		2000		0.208864
2000		3000		1000		0.208864
2000		2000		1000		0.871642
2000		3000		2000		0.208864
2000		1000		1000		0.195712
2000		2000		1000		0.208864
2000		0		2000		0.042063
2000		2000		1000		0.208864
2000		3000		1000		0.208864
2000		2000		2000		0.473045
2000		3000		0		0.417792
2000		3000		1000		0.358183
2000		1000		1000		0.208864
2000		1000		1000		0.935107
2000		1000		0		0.417792
2000		3000		3000		0.263438
2000		1000		2000		0.009943
2000		2000		1000		0.208864
2500		5000		3000		0.208864
2000		1000		1000		0.208864
2000		1000		1000		0.208864
2000		1000		2000		0.203429
2000		2000		2000		0.234234
2000		1000		1000		0.208864
5500		11000		5000		0.225664
3000		6000		0		0.242656
2000		4000		2000		0.495442
2000		1000		1000		0.208864
2000		2000		0		0.417792
2000		2000		1000		0.208864
2000		1000		1000		0.464540
2000		1000		0		0.417792
2000		2000		1000		0.208864
2000		0		2000		0.208864
2000		0		2000		0.029781
2000		0		2000		0.075918
2000		1000		1000		0.208864
2000		2000		1000		0.368440
2000		1000		1000		0.168559
2500		5000		0		0.827584
2000		3000		1000		0.208864
2000		3000		1000		0.228449
2000		1000		1000		0.164378
2000		1000		1000		0.130437
2000		2000		1000		0.208864
2000		0		2000		0.100173
2000		0		2000		0.108103
2000		3000		1000		0.217232
2000		1000		1000		0.208864
2000		2000		0		0.951200
2000		0		2000		0.208864
2000		4000		1000		0.383406
2000		1000		1000		0.208864
2000		0		2000		0.065464
2000		1000		1000		0.208864
2000		0		0		0.217296
13600		15000		1000		0.225728
5500		11000		3000		0.267952
2500		5000		0		0.552279
2000		3000		4000		0.217296
2500		5000		0		0.451520
2000		1000		1000		0.208864
2000		1000		1000		0.208864
2000		3000		2000		0.208864
2000		0		2000		0.098224
2000		2000		1000		0.208864
2000		3000		1000		0.320389
2000		4000		1000		0.217296
2500		5000		3000		0.234160
2000		0		2000		0.076616
2000		2000		1000		0.208864
2000		1000		1000		0.336039
2000		3000		1000		0.217232
2000		2000		1000		0.208864
2000		0		2000		0.061904
2500		5000		2000		0.454757
2000		2000		0		0.417792
2000		0		2000		0.208864
2000		3000		0		0.950530
2000		2000		2000		0.208864
2000		1000		1000		0.320468
2000		2000		1000		0.208864
12800		13000		0		0.652016
5500		11000		0		0.863735
2000		2000		1000		0.208864
2000		4000		2000		0.600496
2000		1000		2000		0.164079
2000		2000		1000		0.208864
2000		1000		1000		0.454107
2000		0		2000		0.036748
2000		1000		1000		0.390982
2000		3000		1000		0.216800
3000		6000		0		0.367136
2500		5000		2000		0.235059
2000		1000		2000		0.168974
2000		4000		1000		0.208864
3000		6000		3000		0.072060
2000		2000		1000		0.208864
2000		2000		2000		0.208864
2000		3000		1000		0.208864
2000		2000		1000		0.208864
2000		3000		3000		0.033664
2000		3000		1000		0.208864
4500		9000		2000		0.392496
2000		1000		1000		0.208864
2000		1000		2000		0.054190
2000		2000		1000		0.208864
2000		1000		1000		0.487097
2000		1000		0		0.417792
2000		0		2000		0.100746
2000		1000		1000		0.208864
2000		2000		1000		0.208864
2000		0		2000		0.095865
2000		3000		3000		0.111328
2000		1000		1000		0.406675
2000		2000		2000		0.389339
2000		3000		1000		0.217296
2000		2000		2000		0.147570
2000		2000		1000		0.854283
2000		1000		1000		0.208864
2000		3000		1000		0.699608
2000		1000		1000		0.208864
2000		1000		1000		0.208864
2000		1000		1000		0.208864
2000		2000		1000		0.208864
2000		1000		1000		0.162819
2000		2000		2000		0.182273
2000		1000		0		0.417792
2000		3000		3000		0.217296
2000		4000		0		0.869099
2000		3000		1000		0.196820
2000		4000		2000		0.208864
2000		2000		1000		0.425519
3500		7000		0		0.765103
3000		6000		2000		0.224610
2000		3000		2000		0.217296
2000		2000		2000		0.013685
2000		0		2000		0.037078
2000		2000		2000		0.208864
2000		3000		1000		0.325786
2000		1000		0		0.417792
2000		2000		1000		0.187266
2000		1000		2000		0.336157
2000		1000		1000		0.105587
2500		5000		0		0.400928
2000		1000		1000		0.038992
2000		0		2000		0.020459
2000		1000		2000		0.194056
2000		2000		0		0.885398
2000		1000		1000		0.208864
2000		1000		1000		0.423680
2000		1000		1000		0.208864
2000		2000		2000		0.478239
2000		1000		1000		0.208864
2000		1000		1000		0.193737
2000		2000		1000		0.208864
2000		0		2000		0.110029
2000		2000		1000		0.485955
2000		3000		1000		0.342793
4000		8000		1000		0.434656
2000		4000		2000		0.217296
2000		1000		1000		0.010502
2000		1000		1000		0.208864
2000		3000		0		0.692074
2000		0		1000		0.321434
2000		1000		1000		0.208864
2000		1000		1000		0.208864
2000		2000		1000		0.208864
2000		1000		1000		0.208864
2000		2000		1000		0.208864
2000		1000		1000		0.954859
2000		2000		1000		0.208864
2000		1000		2000		0.208864
2000		1000		1000		0.085582
2000		1000		1000		0.047934
2000		2000		1000		0.208864
2000		1000		1000		0.208864
2000		2000		2000		0.208864
2000		1000		1000		0.208864
2000		2000		2000		0.208864
2000		1000		2000		0.250714
2000		2000		1000		0.208864
2500		5000		3000		0.208864
2000		1000		2000		0.246905
2000		3000		3000		0.200368
2000		2000		1000		0.813035
2000		1000		1000		0.572483
2000		2000		1000		0.208864
2000		0		2000		0.101379
2000		1000		1000		0.208864
2000		3000		2000		0.829646
12800		14000		1000		0.754382
2000		1000		1000		0.067006
2000		2000		1000		0.208864
2500		5000		1000		0.409424
2000		2000		2000		0.349398
2000		3000		1000		0.208864
2000		2000		0		0.417792
3500		7000		5000		0.208864
2000		4000		1000		0.426224
2000		0		2000		0.208864
2500		5000		1000		0.837488
2000		1000		2000		0.202336
2000		2000		1000		0.208864
2000		4000		0		0.774051
2000		0		2000		0.030125
2000		1000		1000		0.208864
2000		1000		2000		0.208864
2000		1000		1000		0.208864
2000		0		2000		0.032962
2000		2000		0		0.929176
2000		1000		2000		0.208864
2500		5000		1000		0.417792
2000		1000		1000		0.208864
5000		10000		4000		0.465484
2500		5000		4000		0.217296
2000		1000		2000		0.132572
2000		2000		1000		0.206645
2000		3000		1000		0.639352
2000		3000		1000		0.216800
2000		3000		1000		0.216800
2000		0		2000		0.011675
2000		3000		1000		0.208864
2000		1000		1000		0.208864
2000		3000		2000		0.208864
2000		4000		3000		0.217296
2000		3000		1000		0.216800
2000		2000		1000		0.256450
2000		1000		0		0.417792
2500		5000		1000		0.242656
2500		5000		4000		0.217296
2000		2000		1000		0.208864
2000		1000		1000		0.167336
2500		5000		1000		0.208864
2000		3000		1000		0.309370
2000		2000		1000		0.208864
2000		1000		1000		0.022821
4000		8000		2000		0.365344
2000		3000		2000		0.208864
2000		0		2000		0.194340
2000		1000		1000		0.208864
2000		2000		1000		0.208864
2000		2000		1000		0.208864
2000		1000		1000		0.208864
2000		4000		4000		0.124887
2000		1000		1000		0.116583
2000		2000		2000		0.081543
2000		3000		1000		0.208864
2000		4000		2000		0.208864
2000		1000		0		0.417792
2500		5000		0		0.234224
2000		1000		2000		0.164505
2000		2000		1000		0.789959
2000		2000		1000		0.208864
2000		1000		1000		0.370693
2000		1000		1000		0.208864
3000		6000		0		0.384064
2000		2000		0		0.799572
2000		0		2000		0.020812
2000		1000		1000		0.208864
2000		0		2000		0.028477
2000		2000		2000		0.904554
2000		4000		1000		0.559385
2000		1000		1000		0.423383
12800		14000		0		0.443024
5000		10000		1000		0.532913
2000		1000		2000		0.340849
2000		1000		1000		0.208864
2000		2000		0		0.417792
2000		2000		1000		0.391106
2000		3000		1000		0.208864
2000		1000		1000		0.162312
2000		3000		1000		0.721089
2000		2000		2000		0.144037
2000		2000		2000		0.208864
2000		1000		1000		0.208864
2000		2000		1000		0.208864
2000		3000		3000		0.203160
2000		1000		2000		0.152015
2000		1000		2000		0.208864
2500		5000		3000		0.217232
2000		2000		2000		0.208864
2000		2000		1000		0.390233
2000		3000		3000		0.409878
3000		6000		0		0.930105
2500		5000		3000		0.208864
2000		2000		1000		0.208864
2000		4000		3000		0.217296
12000		13000		0		0.459888
5000		10000		4000		0.217296
2000		1000		2000		0.006781
2000		2000		1000		0.208864
2000		2000		2000		0.293165
2000		1000		1000		0.208864
2000		1000		1000		0.208864
2000		2000		0		0.626720
2000		3000		1000		0.245581
2000		0		2000		0.035605
2500		5000		5000		0.050592
2000		1000		1000		0.716546
2000		2000		1000		0.208864
3500		7000		5000		0.176864
2000		4000		2000		0.217296
2000		4000		0		0.417792
2000		1000		1000		0.019005
2000		2000		1000		0.208864
2000		2000		1000		0.208864
2000		3000		1000		0.733993
4500		9000		2000		0.225728
2000		3000		1000		0.751804
2000		2000		1000		0.208864
2000		4000		0		0.626720
2000		1000		1000		0.218270
2000		3000		1000		0.208864
2000		1000		2000		0.208864
2000		2000		1000		0.815087
2000		4000		0		0.417792
2000		1000		1000		0.208864
2000		3000		1000		0.208864
2000		2000		1000		0.208864
2000		4000		2000		0.208864
2000		3000		2000		0.596531
2000		2000		2000		0.609296
2000		2000		1000		0.208864
2000		1000		1000		0.208864
2000		2000		1000		0.467420
2000		2000		0		0.706689
2000		4000		4000		0.217296
2000		3000		1000		0.208864
2000		2000		2000		0.862126
2000		3000		2000		0.720742
2000		2000		1000		0.208864
2000		1000		1000		0.208864
2000		0		2000		0.024070
15200		18000		2000		0.265822
2000		2000		1000		0.208864
2000		1000		1000		0.713078
2000		1000		1000		0.059700
2000		0		0		0.217296
2000		3000		1000		0.371131
2000		3000		1000		0.208864
2500		5000		0		0.392496
2000		2000		2000		0.194552
2000		2000		1000		0.208864
2000		3000		3000		0.217296
3000		6000		2000		0.841270
2000		3000		0		0.851657
2000		2000		1000		0.907219
2000		1000		1000		0.172519
2000		2000		1000		0.208864
2000		1000		1000		0.208864
2000		2000		1000		0.208864
2000		1000		1000		0.208864
2000		2000		1000		0.370641
17600		20000		0		0.434656
13600		14000		0		0.434656
5000		10000		1000		0.560833
2000		0		2000		0.095244
2000		2000		1000		0.454522
2000		3000		1000		0.208864
3500		7000		0		0.653328
2000		2000		2000		0.207793
2000		3000		3000		0.192061
2000		3000		3000		0.229028
2000		3000		0		0.705343
2000		3000		1000		0.217296
2000		4000		4000		0.145104
2000		4000		1000		0.244309
2000		3000		2000		0.208864
2000		1000		2000		0.066697
2000		2000		1000		0.208864
2000		2000		1000		0.208864
2000		2000		2000		0.189536
2000		2000		0		0.663714
13600		15000		2000		0.242528
5500		11000		3000		0.276752
2000		3000		4000		0.186453
2000		4000		1000		0.829491
2000		1000		2000		0.489080
2000		4000		4000		0.033664
2000		2000		2000		0.329696
3000		6000		3000		0.208864
2000		2000		2000		0.208864
2000		3000		3000		0.530422
2000		2000		1000		0.208864
2000		4000		0		0.626784
2000		2000		1000		0.208864
2000		1000		1000		0.150161
2000		1000		1000		0.189386
2000		3000		3000		0.208864
2000		3000		0		0.417792
2000		2000		1000		0.208864
2000		3000		0		0.971173
2000		1000		1000		0.208864
2000		1000		0		0.417792
2000		1000		2000		0.044035
2000		1000		1000		0.311128
2000		1000		1000		0.208864
14400		16000		0		0.674215
2000		2000		1000		0.787127
2000		1000		0		0.417792
2000		3000		1000		0.557571
2000		0		2000		0.031630
2000		3000		1000		0.217232
2500		5000		4000		0.225728
2000		1000		2000		0.099059
2000		2000		1000		0.208864
2000		4000		3000		0.567426
2000		2000		1000		0.895081
2000		3000		1000		0.208864
2000		1000		2000		0.177536
2000		2000		0		0.841259
2000		2000		1000		0.208864
2000		4000		4000		0.164135
2000		1000		1000		0.208864
2000		4000		2000		0.208864
2000		2000		1000		0.208864
2000		2000		1000		0.208864
2000		1000		2000		0.087649
2000		3000		1000		0.871375
2000		4000		2000		0.208864
2000		0		2000		0.042784
12000		13000		1000		0.208864
5000		10000		3000		0.217296
2000		2000		1000		0.208864
2000		4000		3000		0.208864
2000		1000		1000		0.418703
2000		2000		0		0.863716
2000		1000		1000		0.208864
2000		2000		1000		0.208864
2000		3000		0		0.654907
2000		3000		0		0.417792
2000		1000		1000		0.208864
2000		1000		1000		0.174316
2000		0		2000		0.113063
2000		4000		0		0.417792
2000		2000		1000		0.208864
2000		1000		1000		0.085964
2000		1000		1000		0.020615
2000		1000		1000		0.129512
2000		2000		1000		0.208864
2000		0		2000		0.049015
2000		1000		1000		0.208864
2000		1000		2000		0.151996
2000		2000		1000		0.244730
2000		3000		1000		0.588281
2000		3000		1000		0.233972
2000		0		2000		0.006700
2000		3000		2000		0.512055
2000		1000		2000		0.066200
5500		11000		1000		0.672279
2500		5000		1000		0.225728
2000		3000		3000		0.173623
2000		4000		2000		0.208143
2000		1000		2000		0.114884
2000		4000		2000		0.208864
2000		3000		1000		0.213130
2000		1000		2000		0.179538
2000		0		2000		0.028529
2000		4000		0		0.417792
2000		2000		0		0.417792
2000		3000		1000		0.507847
2000		3000		1000		0.217296
2000		4000		0		0.812097
2000		4000		4000		0.848502
2000		0		2000		0.174417
2000		3000		2000		0.208864
2000		3000		1000		0.208864
2000		4000		3000		0.208864
12000		13000		2000		0.294995
2000		2000		2000		0.135070
2000		4000		2000		0.208864
2000		0		2000		0.058587
2000		1000		1000		0.208864
2000		1000		1000		0.200490
2000		0		2000		0.208864
2000		0		0		0.217296
2000		1000		1000		0.208864
2000		1000		2000		0.193075
2000		2000		1000		0.114450
2000		3000		1000		0.217296
2000		1000		1000		0.208864
2000		1000		1000		0.461375
2000		3000		0		0.855272
2000		3000		4000		0.208864
2000		1000		1000		0.208864
2000		2000		2000		0.208864
2000		1000		1000		0.208864
2000		1000		1000		0.208864
2000		3000		3000		0.217296
2000		3000		1000		0.208864
2000		1000		1000		0.473016
2000		2000		1000		0.208864
2000		2000		1000		0.892938
2000		2000		2000		0.067294
2000		4000		2000		0.208864
2000		3000		2000		0.781865
2000		2000		1000		0.208864
2000		0		2000		0.080577
11200		12000		2000		0.433764
2000		3000		1000		0.217296
2000		3000		2000		0.329645
2000		2000		1000		0.208864
2000		2000		1000		0.208864
2000		1000		2000		0.208864
2000		2000		1000		0.208864
2000		4000		3000		0.208864
2000		0		2000		0.030812
2000		2000		2000		0.208864
2000		2000		1000		0.208864
2000		4000		0		0.417792
2000		2000		2000		0.091600
2000		2000		1000		0.880033
2000		2000		1000		0.308950
2000		1000		1000		0.328624
2000		1000		2000		0.232818
2000		1000		2000		0.160641
2500		5000		3000		0.260791
2000		1000		2000		0.064953
2000		4000		2000		0.208864
2000		3000		2000		0.398125
2000		1000		1000		0.208864
2000		1000		1000		0.208864
12000		11000		1000		0.662387
2500		5000		2000		0.417792
2000		2000		1000		0.183469
2000		3000		1000		0.208864
2000		1000		2000		0.121088
2000		1000		1000		0.765808
2000		1000		1000		0.402773
2000		1000		2000		0.208864
2000		0		2000		0.052103
2000		4000		1000		0.585496
2000		1000		1000		0.881167
2000		3000		1000		0.342163
2500		5000		0		0.655321
2000		1000		1000		0.208864
2000		1000		0		0.417792
2000		1000		1000		0.208864
2000		1000		2000		0.152289
2000		4000		2000		0.208864
2000		3000		1000		0.764268
2000		3000		1000		0.208864
2000		2000		1000		0.208864
2000		2000		1000		0.208864
2000		1000		1000		0.123078
2000		2000		1000		0.208864
2000		0		2000		0.003287
2000		0		2000		0.173678
2000		1000		1000		0.898722
12000		13000		1000		0.286499
2000		3000		0		0.822667
2000		2000		1000		0.208864
2000		1000		1000		0.208864
2000		2000		1000		0.208864
2000		2000		1000		0.208864
2000		1000		1000		0.329874
2000		1000		1000		0.042615
2000		3000		2000		0.110258
2000		1000		0		0.417792
2000		2000		1000		0.880954
2000		2000		1000		0.208864
2000		2000		1000		0.208864
2000		3000		3000		0.409296
2000		1000		1000		0.940240
2000		1000		1000		0.208864
2000		3000		1000		0.217296
2000		3000		1000		0.667284
2000		1000		1000		0.917001
2000		3000		1000		0.208864
2000		0		2000		0.020418
2000		3000		1000		0.208864
2000		1000		1000		0.055911
2000		0		2000		0.103000
2000		2000		1000		0.903428
2000		2000		1000		0.510095
2000		4000		1000		0.807664
2000		2000		1000		0.390145
2000		0		2000		0.085428
2000		4000		0		0.771715
2000		1000		2000		0.208864
4500		9000		2000		0.477458
2000		4000		1000		0.683855
2000		2000		1000		0.208864
2000		3000		3000		0.208725
2000		2000		2000		0.133092
2000		4000		1000		0.364771
2000		0		2000		0.025736
2000		2000		2000		0.217296
2000		2000		0		0.417792
2000		1000		1000		0.845122
2000		2000		2000		0.162884
2000		4000		2000		0.299842
2000		1000		2000		0.047275
2000		2000		1000		0.208864
2000		1000		1000		0.069251
2500		5000		4000		0.059935
2000		4000		1000		0.217296
2000		2000		2000		0.208864
2000		0		2000		0.041966
2000		0		2000		0.186643
2000		0		2000		0.208864
2000		4000		1000		0.606088
2000		3000		1000		0.604217
2000		3000		3000		0.425232
2000		2000		0		0.626784
5000		10000		4000		0.225728
2000		4000		2000		0.217296
2000		4000		4000		0.182152
2000		3000		1000		0.762948
2500		5000		1000		0.225728
2000		4000		1000		0.808601
2000		1000		1000		0.208864
2000		2000		1000		0.208864
2000		1000		1000		0.176226
2000		1000		1000		0.132639
2000		1000		1000		0.132639
2000		2000		1000		0.208864
2000		3000		3000		0.034096
2000		4000		1000		0.751933
2000		2000		1000		0.208864
3000		6000		1000		0.567480
2000		4000		0		0.763222
2000		0		2000		0.016568
2000		4000		2000		0.208864
2000		0		2000		0.013805
2000		3000		1000		0.848548
2000		1000		1000		0.301759
2000		1000		1000		0.208864
2000		4000		4000		0.234160
4500		9000		0		0.409424
2000		2000		1000		0.256620
3000		6000		5000		0.182956
2000		4000		2000		0.217296
2000		2000		1000		0.427658
2000		1000		1000		0.208864
2000		0		2000		0.208864
2000		0		2000		0.104515
2000		3000		0		0.417792
2000		1000		1000		0.208864
2000		4000		2000		0.217296
2000		1000		1000		0.208864
2500		5000		3000		0.216800
2000		4000		2000		0.208864
2000		3000		2000		0.208864
2000		2000		0		0.924246
2000		2000		1000		0.208864
2000		1000		1000		0.208864
2000		0		2000		0.107727
2000		4000		2000		0.208864
2000		0		2000		0.099009
2000		1000		1000		0.208864
2000		3000		0		0.712547
2000		2000		1000		0.208864
2500		5000		0		0.841341
2000		4000		2000		0.217296
2000		1000		2000		0.100018
2000		3000		1000		0.208368
5500		11000		3000		0.350272
2000		3000		1000		0.142801
2000		2000		2000		0.185149
2000		1000		2000		0.153631
2000		4000		0		0.565948
2000		1000		1000		0.208864
4500		9000		4000		0.155253
2500		5000		4000		0.130722
2000		3000		3000		0.217296
2000		1000		1000		0.196617
2500		5000		0		0.392496
2000		3000		1000		0.209602
2000		2000		1000		0.833182
2000		0		2000		0.081149
2000		4000		0		0.417792
2000		1000		0		0.417792
2000		1000		1000		0.208864
2000		2000		1000		0.208864
2000		3000		1000		0.530931
2000		2000		2000		0.208864
2000		4000		2000		0.208864
2000		2000		1000		0.828062
5500		11000		0		0.677421
2000		1000		1000		0.751881
2000		1000		1000		0.200509
2000		3000		1000		0.737733
2000		1000		1000		0.208864
2000		1000		0		0.796159
2000		4000		0		0.634961
2000		1000		1000		0.208864
2000		3000		1000		0.801038
2000		2000		1000		0.208864
2000		4000		2000		0.590826
2000		1000		1000		0.866232
2000		1000		1000		0.208864
2000		0		2000		0.058706
2000		1000		1000		0.268083
2000		2000		2000		0.217296
2000		1000		1000		0.118767
2000		1000		1000		0.208864
2000		1000		1000		0.286906
2000		1000		2000		0.069418
2500		5000		1000		0.880250
2000		2000		1000		0.208864
3000		6000		1000		0.443024
2000		3000		1000		0.208864
4500		9000		3000		0.234160
2000		1000		1000		0.025127
2000		3000		2000		0.182975
2500		5000		4000		0.183276
2000		3000		1000		0.217296
2000		2000		1000		0.245472
2000		0		2000		0.025228
2000		1000		0		0.802243
2000		1000		2000		0.064989
2000		2000		1000		0.757175
2000		1000		1000		0.122023
2000		3000		2000		0.146523
2000		1000		2000		0.105078
2000		1000		1000		0.208864
2000		1000		1000		0.829819
2000		4000		1000		0.578755
2000		3000		2000		0.216800
2500		5000		2000		0.217296
2000		2000		1000		0.403866
2000		3000		3000		0.217296
2000		1000		0		0.859225
2000		3000		3000		0.137307
2000		4000		1000		0.717271
2000		1000		1000		0.082055
2000		2000		1000		0.208864
16800		19000		0		0.666018
2000		1000		1000		0.022370
2000		2000		1000		0.300252
2000		1000		2000		0.033358
2000		3000		0		0.417792
2000		4000		1000		0.876745
2000		2000		0		0.417792
2000		1000		1000		0.208864
2000		2000		1000		0.550452
2000		2000		1000		0.446371
2000		2000		1000		0.208864
2000		1000		1000		0.937455
3500		7000		0		0.643011
3500		7000		2000		0.167436
2000		3000		2000		0.208864
2000		1000		1000		0.065997
2000		1000		1000		0.208864
2000		1000		2000		0.187227
2000		2000		1000		0.208864
2000		1000		2000		0.137755
2000		1000		1000		0.208864
2000		0		2000		0.084105
2000		1000		1000		0.215104
2000		1000		1000		0.850256
2500		5000		0		0.384000
12800		14000		1000		0.225728
5000		10000		1000		0.417792
2500		5000		2000		0.225728
2000		1000		1000		0.204871
2000		0		2000		0.077781
2000		4000		2000		0.208864
2000		0		0		0.208864
2000		2000		2000		0.217296
2000		0		2000		0.061388
2000		3000		1000		0.962625
2000		1000		1000		0.330497
2000		2000		1000		0.208864
2000		1000		1000		0.208864
2500		5000		1000		0.417792
2000		3000		0		0.682168
2000		2000		1000		0.208864
3000		6000		6000		0.136369
2000		2000		2000		0.188661
5000		10000		3000		0.301808
2000		2000		2000		0.126819
2000		2000		2000		0.185179
3500		7000		2000		0.469026
2000		1000		1000		0.208864
2000		1000		2000		0.165345
2000		3000		3000		0.095476
2000		3000		2000		0.208864
2000		0		2000		0.019921
2000		3000		1000		0.410756
2000		4000		2000		0.208864
2000		0		2000		0.039126
2000		3000		1000		0.217728
2000		0		2000		0.092917
2000		1000		1000		0.386329
2000		1000		0		0.956556
3500		7000		2000		0.234160
2000		4000		4000		0.217296
2000		3000		1000		0.888356
2000		3000		1000		0.847068
2000		0		2000		0.064506
2000		3000		1000		0.437241
2000		1000		1000		0.208864
2000		2000		2000		0.208864
2000		2000		1000		0.208864
2000		1000		2000		0.134136
2000		2000		0		0.417792
2000		2000		1000		0.550627
2000		1000		1000		0.208864
2000		2000		2000		0.208864
2000		2000		1000		0.208864
16000		19000		1000		0.352208
12800		15000		7000		0.138050
2000		1000		1000		0.208864
2000		4000		2000		0.409424
2000		2000		2000		0.208864
2000		2000		1000		0.208864
2000		2000		1000		0.445384
2000		2000		1000		0.226933
2000		4000		2000		0.634454
2000		1000		1000		0.208864
2000		0		2000		0.081473
2000		1000		1000		0.208864
2000		2000		1000		0.208864
2000		1000		1000		0.208864
2000		0		0		0.217296
2000		2000		1000		0.208864
2000		1000		2000		0.208864
2000		2000		1000		0.299427
2000		4000		1000		0.490325
2000		1000		1000		0.208864
2000		3000		1000		0.713275
2000		1000		1000		0.672208
2000		1000		1000		0.208864
2000		0		2000		0.037333
2000		2000		1000		0.208864
2000		1000		1000		0.208864
12000		14000		0		0.626784
6000		12000		1000		0.318544
3000		6000		2000		0.105150
2500		5000		3000		0.112546
2000		2000		1000		0.208864
2000		4000		2000		0.208864
2000		4000		0		0.653466
2000		0		2000		0.099501
2000		2000		0		0.911800
2000		3000		1000		0.368667
4000		8000		0		0.443152
2000		2000		1000		0.208864
2000		1000		1000		0.208864
2000		3000		1000		0.217296
2000		1000		1000		0.202661
2000		4000		2000		0.341177
2000		4000		3000		0.194080
2000		3000		1000		0.183078
2000		3000		0		0.748298
12000		13000		0		0.426160
5000		10000		5000		0.225664
2000		4000		1000		0.208864
2000		2000		1000		0.208864
2000		2000		1000		1.449880
2000		1000		1000		0.968742
2000		1000		1000		0.208864
2000		4000		2000		0.217296
2000		2000		1000		0.208864
2000		3000		1000		0.478448
3000		6000		5000		0.437234
2000		2000		2000		0.453580
2000		2000		2000		0.918712
2000		2000		1000		0.937532
2000		4000		3000		0.208864
3500		7000		6000		0.184449
2000		3000		3000		0.281960
2000		2000		1000		0.208864
2000		1000		1000		0.208864
2500		5000		0		0.934846
2000		3000		0		0.650534
2000		1000		1000		0.162172
2000		2000		0		0.800308
2000		1000		1000		0.208864
2000		1000		2000		0.042851
2000		1000		1000		0.208864
20800		25000		0		0.540953
2500		5000		3000		0.208864
2000		3000		0		0.657295
2000		4000		4000		0.171639
2000		1000		1000		0.208864
2000		1000		0		0.417792
2000		4000		2000		0.208864
2000		2000		0		0.728958
2000		3000		1000		0.123044
2000		1000		2000		0.075272
2000		4000		0		0.724482
2000		1000		1000		0.208864
2000		3000		1000		0.208864
2000		0		2000		0.072666
2000		1000		1000		0.208864
2000		1000		1000		0.426281
2000		2000		1000		0.208864
2000		3000		1000		0.208864
2500		5000		0		0.651963
12000		13000		0		0.626720
5000		10000		0		0.417792
2500		5000		0		0.792718
2000		3000		0		0.417792
2000		3000		3000		0.189338
3000		6000		4000		0.225728
2500		5000		0		0.649625
2500		5000		0		0.540263
2000		2000		1000		0.258710
2000		2000		1000		0.208864
2000		2000		1000		0.798788
2000		4000		4000		0.216608
2000		2000		2000		0.174806
2000		4000		4000		0.160145
2000		3000		1000		0.314588
2000		1000		1000		0.208864
2000		1000		1000		0.208864
2000		3000		1000		0.670493
2000		1000		0		0.417792
2000		4000		0		0.692466
2500		5000		2000		0.676777
2000		1000		1000		0.208864
2000		1000		1000		0.208864
12800		14000		1000		0.582197
2000		2000		2000		0.208864
2000		3000		2000		0.217296
2000		4000		2000		0.263327
2000		4000		3000		0.208864
2500		5000		3000		0.217296
2000		1000		2000		0.190434
2000		1000		1000		0.173035
2000		4000		1000		0.896158
2000		2000		1000		0.172295
2000		4000		0		0.417792
2000		1000		1000		0.208864
2000		2000		1000		0.208864
2000		3000		2000		0.308494
2000		1000		2000		0.020150
2000		1000		1000		0.220710
2000		1000		1000		0.202939
2000		1000		1000		0.048524
2000		2000		0		0.417792
2000		0		2000		0.049102
2000		1000		2000		0.179286
2000		1000		2000		0.220433
2000		2000		1000		0.453628
2000		2000		1000		0.208864
2500		5000		2000		0.217296
5500		11000		2000		0.559264
2000		4000		4000		0.217296
2000		0		2000		0.417296
2000		3000		0		5.182100
2000		2000		2000		0.217296
2000		0		0		2.153310
2000		1000		1000		1.865100
2000		0		0		0.217296
2000		0		2000		0.177333
2000		3000		1000		0.208864
2000		2000		1000		0.328911
2000		2000		1000		0.976782
2000		0		2000		0.132638
2000		1000		1000		0.208864
2000		4000		0		0.225728
2000		0		2000		0.208864
2000		2000		2000		0.098995
2000		2000		1000		0.496878
2000		2000		1000		0.208864
2000		1000		1000		0.208864
2000		4000		0		0.736539
2000		1000		0		0.417792
2000		3000		1000		0.395197
2000		1000		2000		0.158486
2000		1000		2000		0.090005
2000		3000		1000		0.208864
2500		5000		2000		0.265052
4000		8000		1000		0.426224
12800		14000		0		0.626784
5000		10000		1000		0.526982
2000		1000		1000		0.208864
2000		1000		2000		0.312788
2000		1000		2000		0.052082
2000		3000		1000		0.208864
2000		0		2000		0.022540
2000		2000		0		0.921174
2000		2000		1000		0.208864
2000		3000		1000		0.208864
2000		2000		1000		0.749039
2000		2000		1000		0.164501
2000		1000		1000		0.208864
2000		1000		2000		0.459991
2000		3000		0		0.741668
4500		9000		3000		0.184212
2000		2000		2000		0.015897
2000		2000		1000		0.208864
2000		2000		2000		0.176592
2000		2000		2000		0.082469
2000		3000		1000		0.208864
2000		2000		0		0.847759
2000		1000		1000		0.208864
2000		2000		1000		0.208864
2000		1000		2000		0.159574
2000		1000		1000		0.208864
2000		2000		1000		0.326557
4500		9000		2000		0.356912
2000		1000		2000		0.093898
3000		6000		1000		0.434656
4000		8000		3000		0.489996
4000		8000		4000		0.217232
2000		4000		2000		0.208864
2000		2000		2000		0.410642
2000		1000		1000		0.208864
2000		2000		1000		0.208864
2000		4000		1000		0.780126
3000		6000		2000		0.737149
2000		4000		0		0.823244
2000		2000		1000		0.208864
2000		2000		1000		0.234894
2000		3000		1000		0.217296
2000		2000		1000		0.730051
2000		1000		1000		0.208864
5000		10000		1000		0.350272
2000		4000		2000		0.225728
2000		1000		1000		0.208864
2000		1000		1000		0.208864
2000		2000		1000		0.893114
2000		2000		1000		0.545833
2000		0		2000		0.129366
2000		3000		0		0.915963
3000		6000		5000		0.177865
2000		4000		4000		0.097621
2000		3000		1000		0.083884
2000		4000		2000		0.208864
2000		1000		1000		0.208864
2000		1000		2000		0.051698
2000		3000		1000		0.217232
2000		0		2000		0.110083
2500		5000		0		0.744457
2000		4000		1000		0.417792
2000		1000		2000		0.067367
2000		3000		1000		0.652766
2000		3000		0		0.417792
2000		1000		2000		0.011439
2000		1000		1000		0.359650
2000		1000		1000		0.235795
2000		1000		1000		0.206578
12000		12000		0		0.647024
2000		1000		2000		0.188113
2000		2000		0		0.417792
2000		3000		0		0.417792
2000		1000		1000		0.047942
2000		1000		1000		0.050401
2000		2000		0		0.881341
2000		4000		2000		0.622069
2000		2000		2000		0.447024
2000		0		2000		0.002372
2000		4000		2000		0.208864
2000		2000		1000		0.389095
2000		3000		2000		0.208864
2000		2000		0		0.970944
2000		2000		1000		0.420327
2000		3000		3000		0.217296
2000		1000		2000		0.410261
2000		1000		1000		0.173905
2000		2000		1000		0.208864
2000		4000		0		0.772505
2000		4000		2000		0.217296
2000		1000		2000		0.030586
2000		1000		1000		0.014629
2000		2000		1000		0.208864
2000		0		2000		0.012901
2000		1000		1000		0.185171
2000		1000		1000		0.208864
2000		3000		1000		0.609939
15200		17000		1000		0.402490
2000		2000		1000		0.692695
2000		1000		2000		0.181935
2000		3000		0		0.417792
2000		2000		2000		0.274990
2000		2000		1000		0.208864
2000		3000		3000		0.101372
2000		1000		2000		0.103953
2500		5000		0		0.225792
2000		2000		2000		0.315949
2000		1000		2000		0.429997
2000		3000		1000		0.742987
2000		2000		1000		0.208864
2000		2000		2000		0.191474
2000		3000		2000		0.200436
2500		5000		0		0.746418
2000		2000		1000		0.208864
2500		5000		4000		0.135078
2000		1000		1000		0.208864
2000		1000		2000		0.189946
2000		2000		1000		0.893884
2000		3000		0		0.666171
2000		1000		1000		0.208864
2000		2000		0		0.878847
12000		13000		1000		9.831720
2000		3000		0		0.417792
2000		1000		1000		3.293800
2000		2000		0		2.271790
2000		2000		1000		0.208864
2000		0		0		0.217296
2000		3000		1000		0.853034
2000		2000		2000		0.208864
2000		1000		0		0.417792
2000		0		2000		0.079922
2000		3000		1000		0.208864
2000		3000		1000		0.610958
2000		2000		1000		0.867710
2000		2000		1000		0.905160
2000		2000		1000		0.208864
2000		1000		1000		0.106470
2000		4000		1000		0.745242
2000		2000		2000		0.157904
2000		3000		1000		0.217296
2000		3000		3000		0.172598
2000		3000		1000		0.208864
2000		2000		2000		0.253555
2000		1000		1000		0.044627
2000		3000		1000		0.208864
2000		4000		4000		0.217296
2000		2000		2000		0.208864
2000		1000		1000		0.094078
4500		9000		1000		0.720178
2000		3000		1000		0.848682
2000		3000		1000		0.208864
2000		3000		1000		0.558935
2000		1000		2000		0.100341
2000		4000		2000		0.208864
2000		2000		1000		0.208864
2000		2000		1000		0.208864
2000		4000		2000		0.401574
2000		3000		2000		0.208864
2000		1000		2000		0.318805
2000		2000		1000		0.927659
2000		1000		1000		0.208864
2000		2000		1000		0.208864
2000		3000		1000		0.592307
2000		4000		1000		0.709601
2000		1000		1000		0.190167
2000		1000		1000		0.885766
2000		3000		2000		0.217296
4000		8000		1000		0.650540
2000		2000		0		0.868908
2000		1000		1000		0.402178
2000		4000		0		0.663709
2000		2000		0		0.417792
12000		13000		4000		9.961280
2000		3000		1000		0.217232
2000		1000		1000		2.571490
2000		3000		1000		0.208864
2000		2000		1000		1.044920
2000		1000		0		0.417792
2000		2000		1000		0.208864
2000		3000		1000		0.208864
2000		2000		1000		0.208864
2000		0		2000		0.107741
2000		2000		1000		0.886644
2000		2000		1000		0.208864
2000		1000		1000		0.208864
2500		5000		1000		0.539956
2000		3000		1000		0.208864
2000		2000		1000		0.746425
2000		3000		1000		0.813845
2000		3000		1000		0.938240
2000		1000		0		0.417792
2000		4000		4000		0.217296
2000		2000		2000		0.217296
2000		2000		1000		0.208864
2000		2000		1000		0.864824
2000		1000		1000		0.208864
2000		0		2000		0.069998
5000		10000		0		0.697639
2000		2000		0		0.758089
3000		6000		2000		0.640756
3000		6000		2000		0.643057
2000		3000		0		0.874248
2000		2000		2000		0.339352
2000		2000		1000		0.691075
2000		4000		4000		0.273154
2000		2000		1000		0.752436
3000		6000		3000		0.208864
2000		4000		5000		0.058960
2000		2000		1000		0.670089
2000		3000		2000		0.425664
2000		2000		1000		0.208864
2000		2000		1000		0.208864
2000		2000		2000		0.217296
2000		2000		1000		0.863116
2000		2000		1000		0.208864
2000		2000		1000		0.208864
12000		12000		2000		0.672448
2000		2000		1000		0.932912
2000		4000		1000		0.225449
2000		1000		1000		0.180338
2000		3000		1000		0.208864
2000		3000		1000		0.963674
2000		0		2000		0.302715
2000		1000		1000		0.517598
2000		2000		0		0.626784
2000		4000		0		0.417792
2000		0		2000		0.044637
2000		2000		1000		0.917655
2000		2000		1000		0.738324
2000		1000		1000		0.659766
2000		3000		2000		0.185564
3000		6000		1000		0.749749
2000		2000		2000		0.217296
2000		2000		1000		0.208864
2000		4000		2000		0.648538
2000		2000		1000		0.208864
2000		0		2000		0.028029
2000		2000		1000		0.208864
2000		1000		2000		0.186956
2000		4000		3000		0.208864
12000		13000		1000		0.322048
2000		1000		1000		0.208864
2000		1000		1000		0.208864
2000		1000		1000		0.208864
2000		0		2000		0.111113
2000		4000		2000		0.761410
2000		2000		2000		0.609296
2000		0		2000		0.089413
2000		1000		1000		0.208864
2000		3000		2000		0.401009
2000		1000		1000		0.208864
2000		1000		1000		0.208864
2000		2000		1000		0.208864
2000		2000		1000		0.945429
2000		1000		0		0.879683
2000		1000		1000		0.838603
2000		1000		1000		0.208864
2000		4000		2000		0.217296
2000		0		0		0.217296
2000		0		2000		0.097016
2000		2000		1000		0.208864
2000		3000		1000		0.694372
2000		3000		1000		0.669598
2000		3000		2000		0.183005
2000		2000		2000		0.148278
2000		1000		1000		0.164774
2000		4000		2000		0.208864
2000		2000		1000		0.208864
13600		15000		0		0.434592
12000		13000		0		0.612909
2000		2000		2000		0.208864
2000		4000		4000		0.176044
3500		7000		1000		0.400928
2000		2000		1000		0.208864
2000		3000		1000		0.352224
2000		2000		1000		0.359509
2000		3000		1000		0.208864
2000		3000		1000		0.195972
2000		1000		1000		0.210501
2000		3000		3000		0.217296
2000		2000		1000		0.208864
3000		6000		2000		0.426288
2000		1000		1000		0.111971
2000		0		2000		0.001547
2000		1000		2000		0.001419
2000		0		2000		0.069461
3000		6000		3000		0.217296
2000		2000		1000		0.208864
5000		10000		1000		11.168900
2000		2000		2000		9.251880
2000		3000		2000		5.039980
2000		3000		1000		0.217232
2000		1000		2000		1.390680
2000		1000		1000		0.208864
2000		3000		3000		0.217296
2000		1000		1000		0.208864
2000		2000		0		0.417792
3000		6000		3000		0.188456
2000		3000		1000		0.208864
2000		2000		2000		0.508431
2000		2000		1000		0.870417
2500		5000		3000		0.217232
2000		3000		0		0.794107
2000		2000		1000		0.208864
2000		1000		1000		0.208864
2000		3000		1000		0.788242
2000		2000		1000		0.208864
2000		1000		1000		0.032534
2000		2000		2000		0.328954
2000		3000		1000		0.208864
2000		2000		1000		0.190220
2000		1000		0		0.745980
2000		1000		0		0.417792
2000		1000		0		0.417792
2000		3000		1000		0.205520
2000		1000		1000		0.208864
5000		10000		1000		0.697511
2000		2000		2000		0.196973
4000		8000		3000		0.217296
2000		1000		2000		0.119295
2000		2000		1000		0.894724
2000		2000		1000		0.208864
2000		4000		2000		0.208864
2000		4000		2000		0.188850
2000		2000		1000		0.208864
2000		2000		1000		0.258015
2500		5000		3000		0.208864
2000		4000		1000		0.560182
2000		4000		1000		0.750877
2000		2000		1000		0.906330
2000		4000		2000		0.208864
2500		5000		0		0.504729
5500		11000		0		0.618416
2000		3000		1000		0.217296
2000		1000		2000		0.208864
2000		3000		1000		0.208864
2000		2000		1000		2.779470
2000		2000		1000		0.208864
2000		4000		0		0.417792
2000		4000		3000		0.225728
2000		2000		1000		0.208864
2000		1000		1000		0.208864
2000		1000		1000		0.881703
2000		2000		2000		0.475340
2000		2000		1000		0.208864
2000		1000		1000		0.208864
2000		3000		1000		0.217296
2000		0		2000		0.208864
2000		1000		1000		0.158890
2000		1000		1000		0.158890
2000		1000		2000		0.158890
2500		5000		0		0.720613
2000		2000		1000		0.208864
2000		1000		1000		0.208864
2000		2000		1000		0.208864
2000		3000		1000		0.312640
2000		1000		1000		0.071638
2000		1000		2000		0.042653
3000		6000		1000		0.417792
5000		10000		4000		0.217232
2000		3000		2000		0.639306
2000		1000		1000		0.396491
2000		1000		1000		0.208864
2000		2000		1000		0.208864
2000		3000		2000		0.208864
2000		2000		0		0.910480
2500		5000		1000		0.711863
2500		5000		3000		0.208864
2000		1000		1000		0.205526
2000		1000		1000		0.208864
2000		3000		2000		0.208864
2000		1000		2000		0.175739
2000		4000		3000		0.208864
3500		7000		5000		0.058960
2000		3000		1000		0.208864
2000		3000		1000		0.208864
2000		1000		1000		0.177459
2000		2000		1000		0.921496
2000		2000		1000		0.933441
2000		2000		1000		0.208864
2000		2000		2000		0.609296
2000		1000		1000		0.208864
2000		2000		1000		0.208864
2000		1000		1000		0.380014
2000		1000		1000		0.147138
2000		2000		1000		0.208864
4000		8000		1000		0.365344
2000		0		2000		0.150413
2000		3000		1000		0.694998
2000		1000		1000		0.208442
2000		4000		4000		0.152848
2000		3000		2000		0.408864
2000		0		1000		0.320631
2000		3000		3000		0.217296
2000		1000		1000		0.208864
2000		1000		1000		0.954729
2000		1000		2000		0.305885
2000		1000		0		0.937814
2500		5000		1000		0.871981
2000		2000		1000		0.208864
2000		0		2000		0.086288
2000		1000		2000		0.114860
2000		1000		1000		0.208864
2000		2000		0		0.824682
2000		2000		2000		0.191784
2500		5000		3000		0.208864
3000		6000		5000		0.059024
2000		3000		2000		0.804524
15200		17000		2000		0.242528
12000		12000		0		0.809873
3000		6000		3000		0.154681
2000		1000		1000		0.208864
2000		4000		3000		0.217296
3000		6000		2000		0.208864
2000		2000		1000		0.208864
2000		1000		2000		0.209459
2000		1000		1000		0.208864
2000		2000		1000		0.208864
2000		2000		1000		0.208864
2000		1000		1000		0.952649
2000		1000		1000		0.208864
2000		0		2000		0.179814
3000		6000		0		0.715437
2000		1000		2000		0.208864
2000		0		2000		0.007368
2000		2000		0		0.417792
2000		1000		1000		0.208864
2000		2000		2000		0.208864
2000		3000		1000		0.217296
2000		1000		1000		0.350339
2000		0		2000		0.502062
4500		9000		0		0.720178
2000		1000		1000		0.208864
2000		2000		1000		0.736031
2000		3000		1000		0.238375
2000		4000		1000		0.208864
2000		3000		1000		0.208864
2000		3000		0		0.794988
2000		1000		1000		0.159772
2000		2000		1000		0.794594
2000		2000		2000		0.336137
2000		2000		1000		0.208864
3000		6000		0		0.601488
2000		1000		1000		0.530614
2000		2000		2000		0.182419
2000		1000		1000		0.924355
2000		1000		1000		0.208864
2000		1000		2000		0.036073
2000		3000		3000		0.217296
2000		3000		1000		0.208864
2000		2000		1000		0.516826
2000		2000		1000		0.965202
2000		0		0		0.914718
2000		1000		1000		0.208864
2000		1000		2000		0.167303
2000		1000		1000		0.188052
2000		1000		1000		0.884029
2000		2000		1000		0.935112
2000		4000		0		0.754896
2000		3000		2000		0.420938
4500		9000		2000		0.225728
2500		5000		4000		0.217296
2000		3000		1000		0.465830
2000		2000		1000		0.948142
2000		2000		1000		0.467206
2000		3000		1000		0.208864
2000		3000		1000		0.208864
2000		2000		2000		0.134379
2000		2000		1000		0.237252
2000		1000		2000		0.001183
3500		7000		4000		0.225728
2000		2000		0		0.417792
2000		1000		1000		0.195614
2000		3000		1000		0.216800
2000		2000		2000		0.921271
2000		1000		1000		0.312902
4000		8000		3000		0.208864
2000		4000		4000		0.176631
2000		1000		2000		0.121473
2000		4000		1000		0.620184
2000		1000		1000		0.208864
2000		3000		1000		0.478845
23200		27000		0		0.620093
2500		5000		4000		0.198964
3000		6000		1000		0.680546
2500		5000		3000		0.208864
2000		1000		1000		0.208285
2000		2000		2000		0.436130
3000		6000		4000		0.234160
2000		1000		1000		0.162187
2000		4000		1000		0.949122
2000		2000		1000		0.458241
2000		2000		2000		0.890139
2000		1000		1000		0.208864
2000		3000		1000		0.496649
2000		3000		2000		0.542906
2000		2000		1000		0.208864
2000		2000		2000		0.148975
2000		4000		0		0.918972
5000		10000		3000		0.680015
2000		1000		1000		0.208864
2000		0		0		0.217296
2500		5000		0		0.750951
2000		1000		2000		0.057899
2000		3000		2000		0.208864
2000		1000		1000		0.208864
3500		7000		3000		0.137039
2000		4000		5000		0.160580
2000		1000		2000		0.112691
2000		1000		1000		0.208864
2000		2000		1000		0.208864
2000		1000		1000		0.208864
2000		0		2000		0.087710
2000		2000		1000		0.854034
2000		2000		2000		0.248895
2000		2000		2000		0.492404
2000		2000		2000		0.208864
2000		2000		2000		0.498718
2000		3000		0		0.417792
2000		0		2000		0.059381
2000		2000		2000		0.408864
2000		2000		1000		0.208864
2000		0		2000		0.099209
2000		1000		1000		0.208864
2000		2000		0		0.417792
3000		6000		3000		0.242592
5500		11000		5000		0.375568
2000		3000		2000		0.425664
2000		1000		1000		0.516189
2500		5000		0		0.776034
2000		1000		1000		0.100879
2000		4000		2000		0.208864
2000		1000		1000		0.772500
2000		2000		2000		0.174405
2000		1000		1000		0.504918
2000		2000		2000		0.499250
2000		3000		3000		0.217232
2000		1000		1000		0.208864
2000		1000		0		0.417792
2000		3000		1000		0.774141
2000		2000		2000		0.245489
2000		0		2000		0.146751
2000		4000		1000		0.208864
2000		2000		1000		0.208864
2000		3000		1000		0.849999
2000		2000		1000		0.208864
2000		1000		1000		0.123020
2000		1000		1000		0.208864
2000		2000		1000		0.438337
2000		3000		0		0.417792
2000		4000		3000		0.225728
2000		1000		1000		0.208864
5500		11000		3000		0.392496
2000		4000		4000		0.200432
2000		2000		1000		0.208864
2500		5000		1000		0.804677
2000		1000		1000		0.871918
2500		5000		4000		0.173265
2000		1000		2000		0.148222
3500		7000		3000		0.208864
2000		3000		1000		0.208864
2000		4000		0		0.621622
2000		1000		2000		0.208864
2000		0		2000		0.118988
2000		2000		0		0.840517
2000		2000		2000		0.456762
2000		4000		4000		0.385045
2000		3000		1000		0.208864
2000		1000		1000		0.052948
2000		3000		1000		0.656079
2500		5000		0		0.713516
2000		3000		0		0.417792
12800		15000		1000		0.825613
2000		2000		1000		0.778308
2000		3000		1000		0.600224
2000		1000		1000		0.208864
2000		2000		2000		0.413430
2000		2000		1000		0.827185
2000		2000		1000		0.208864
2000		0		2000		0.059557
2000		1000		2000		0.178316
3000		6000		3000		0.217232
2000		1000		1000		0.143115
2000		3000		2000		0.588660
4000		8000		1000		0.225728
2000		4000		0		0.626784
2000		1000		1000		0.102184
2000		4000		2000		0.735889
2000		3000		0		0.417792
2500		5000		4000		0.229703
2000		3000		1000		0.515000
2000		1000		1000		0.095295
2000		1000		1000		0.041524
2000		1000		1000		0.855383
11200		12000		2000		0.208864
3500		7000		0		0.811667
2000		1000		1000		0.009619
2000		2000		2000		0.149498
2000		2000		1000		0.208864
2000		1000		1000		0.208864
2000		1000		1000		0.487097
2000		1000		1000		0.208864
2000		1000		2000		0.168562
2000		2000		1000		0.757879
2000		1000		1000		0.122663
2000		2000		1000		0.499298
2000		2000		1000		0.208864
2000		3000		1000		0.208864
2000		4000		2000		0.208864
2000		2000		1000		0.208864
2000		0		2000		0.042574
2500		5000		2000		0.640649
2000		2000		2000		0.208864
2000		0		1000		0.278734
2000		2000		1000		0.208864
2000		3000		3000		0.217296
2000		0		2000		0.073716
2000		3000		0		0.417792
2500		5000		2000		0.207520
2000		3000		2000		0.197955
2000		1000		1000		0.077065
2000		3000		3000		0.182418
2000		3000		3000		0.216800
4500		9000		0		0.660512
2000		4000		1000		0.208864
3000		6000		2000		0.208864
2000		2000		1000		0.626009
2000		3000		1000		0.423749
2000		3000		1000		0.294144
2000		1000		1000		0.208864
2000		1000		1000		0.208864
2000		1000		1000		0.199796
2000		3000		1000		0.751146
2000		2000		0		0.417792
2000		2000		1000		0.344073
2000		2000		2000		0.198163
2000		4000		1000		0.417792
2000		2000		1000		0.910846
2500		5000		2000		0.208864
2000		2000		2000		0.208864
2500		5000		3000		0.208864
2000		3000		1000		0.208864
2500		5000		3000		0.208864
2000		1000		2000		0.053169
2000		0		2000		0.005357
12000		13000		0		0.662387
2000		1000		1000		0.861768
2000		2000		1000		0.208864
2000		4000		0		0.772002
2000		4000		3000		0.208864
2000		3000		2000		0.324452
2000		1000		1000		0.208864
2000		0		2000		0.072486
2000		1000		1000		0.911569
2000		2000		1000		0.208864
2000		0		2000		0.067168
2000		4000		2000		0.217296
2000		1000		2000		0.227154
2000		1000		2000		0.295210
2000		0		2000		0.208864
2000		2000		1000		0.208864
2000		0		2000		0.299245
2500		5000		1000		0.417792
2000		4000		2000		0.208864
2000		3000		1000		0.773301
2000		2000		1000		0.901266
2000		1000		0		0.417792
2000		3000		2000		0.147160
2000		0		0		0.217296
2000		1000		1000		0.208864
2000		0		2000		0.208864
2000		3000		1000		0.208864
2000		1000		1000		0.208864
4000		8000		2000		0.365344
2000		2000		1000		0.208864
2000		3000		2000		0.031823
2000		2000		1000		0.228260
2000		1000		1000		0.023138
2000		3000		1000		0.217296
2000		3000		1000		0.208864
2000		1000		1000		0.208864
2000		2000		1000		0.208864
2000		0		2000		0.097828
2000		4000		0		0.906470
2000		0		2000		0.090696
2000		2000		1000		0.208864
2000		2000		1000		0.821722
2000		1000		1000		0.159643
2000		3000		0		0.664626
2000		2000		2000		0.417296
2000		3000		1000		0.392602
2000		4000		0		0.770430
2000		3000		1000		0.265597
2000		0		2000		0.039805
2000		4000		1000		0.208864
2000		3000		0		0.417792
2000		2000		1000		0.208864
2000		2000		1000		0.208864
2000		2000		0		0.417792
17600		20000		0		0.560570
2000		4000		1000		0.839633
2500		5000		3000		0.162537
2000		1000		1000		0.310618
2000		2000		1000		0.168510
2000		1000		0		0.876220
2000		1000		1000		0.208864
2000		4000		0		0.417792
2000		0		2000		0.067322
2000		2000		1000		0.499830
2000		3000		3000		0.033664
2000		3000		1000		0.394786
2000		1000		1000		0.208864
2000		4000		2000		0.553452
2000		1000		1000		0.208864
2000		1000		1000		0.158172
2000		1000		2000		0.075264
2000		1000		1000		0.208864
2000		2000		2000		0.208864
2000		2000		1000		0.208864
2000		2000		1000		0.885413
2000		3000		0		0.858775
2500		5000		0		0.417792
2000		1000		1000		0.208864
18400		21000		0		4.728860
2000		4000		3000		0.208864
2000		4000		0		0.234224
2000		2000		1000		0.208864
2000		1000		1000		0.208864
2000		1000		1000		0.208864
2000		2000		1000		0.867261
2000		0		2000		0.194332
2000		2000		1000		0.208864
2000		2000		0		0.417792
2000		2000		1000		0.777018
2000		1000		1000		0.117599
2000		3000		1000		0.216800
2000		3000		1000		0.152984
2500		5000		2000		0.404946
2000		2000		2000		0.208864
3000		6000		5000		0.156281
2500		5000		0		0.669581
2000		0		2000		0.211413
2000		2000		1000		0.208864
2000		1000		1000		0.208864
2000		1000		2000		0.160475
2000		2000		1000		0.208864
14400		16000		2000		0.259392
11200		11000		1000		0.208864
4500		9000		3000		0.217296
2000		3000		1000		0.208864
2000		0		2000		0.208864
2000		1000		1000		0.208864
2000		3000		1000		0.208864
2000		1000		1000		0.974721
2000		1000		1000		0.208864
2000		2000		1000		0.208864
2000		0		2000		0.034787
2000		2000		0		0.417792
2000		1000		1000		0.208864
2000		1000		1000		0.208864
2000		3000		1000		0.709858
2000		2000		1000		0.208864
2000		2000		0		0.417792
2500		5000		2000		0.772115
2000		1000		1000		0.208864
2000		1000		0		0.417792
2000		2000		1000		0.208864
2000		1000		1000		0.208864
2000		1000		1000		0.208864
2000		2000		1000		0.208864
2000		1000		1000		0.208864
2000		1000		1000		0.208864
2000		0		2000		0.128846
2000		1000		1000		0.208864
2000		3000		3000		0.160431
2000		2000		0		0.417792
11200		12000		0		0.649431
2000		1000		1000		0.208864
2000		4000		4000		0.217296
2000		3000		0		0.417792
2500		5000		5000		0.158213
2000		2000		2000		0.149781
2000		1000		1000		0.403880
2000		1000		0		0.626720
2000		1000		1000		0.283090
2000		2000		1000		0.756302
2000		3000		1000		0.536855
2000		1000		2000		0.078167
2000		3000		2000		0.225232
2000		1000		2000		0.172228
2000		2000		2000		0.078421
2000		2000		1000		0.208864
2000		1000		1000		0.208864
2000		1000		2000		0.051414
2000		1000		1000		0.809589
2000		1000		1000		0.208864
3000		6000		0		0.225728
2000		2000		1000		0.208864
2000		0		2000		0.007763
4000		8000		3000		0.348416
3000		6000		1000		0.574947
2000		1000		1000		0.921362
2000		1000		1000		0.892021
2000		2000		2000		0.524624
2000		2000		2000		0.517811
2000		2000		1000		0.937307
2000		3000		1000		0.208864
2000		4000		1000		0.543519
2000		4000		0		0.417792
2000		2000		2000		0.192076
2000		4000		4000		0.217296
2000		1000		1000		0.208864
2000		0		2000		0.090174
2000		4000		0		0.881954
2000		1000		1000		0.208864
2000		2000		2000		0.208864
2000		4000		3000		0.308037
2000		3000		1000		0.208864
2000		2000		2000		0.472535
2000		1000		1000		0.208864
2000		1000		2000		0.133228
2000		1000		1000		0.196054
2000		2000		2000		0.208864
2000		0		2000		0.125072
2000		1000		1000		0.208864
15200		17000		1000		0.242528
12000		13000		2000		0.335757
3500		7000		4000		0.225728
2000		3000		4000		0.358440
2000		1000		1000		0.208864
2000		2000		0		0.897978
2000		1000		1000		0.208864
2000		1000		1000		0.160929
2000		1000		2000		0.208864
2000		1000		2000		0.154923
2500		5000		3000		0.208864
2500		5000		3000		0.225728
2000		3000		1000		0.188962
2000		2000		1000		0.101529
2000		1000		2000		0.061360
2000		3000		3000		0.038586
2000		2000		1000		0.208864
2000		3000		0		0.417792
2000		0		2000		0.030608
2000		3000		1000		0.208864
2000		3000		2000		0.118351
2000		2000		1000		0.208864
20800		22000		3000		0.191902
2000		3000		1000		0.335757
2000		2000		0		0.861928
2000		2000		2000		0.197974
2000		3000		0		0.813623
2500		5000		0		0.785652
2000		1000		2000		0.120296
2000		2000		1000		0.208864
2000		3000		0		0.417792
2000		2000		1000		0.208864
3500		7000		3000		0.217296
2000		2000		1000		0.866860
2000		4000		3000		0.217296
2000		2000		2000		0.419516
3000		6000		1000		0.784984
2000		4000		0		0.234592
2000		1000		0		0.936978
2000		2000		1000		0.208864
12800		14000		1000		0.695491
2000		1000		1000		0.208864
2000		1000		1000		0.208864
2000		1000		1000		0.208864
2000		4000		1000		0.281452
2000		3000		3000		0.033664
2000		3000		1000		0.268539
2000		2000		2000		0.174128
2000		1000		1000		0.104547
2000		1000		1000		0.081690
2500		5000		0		0.772622
2000		1000		1000		0.129038
2000		3000		3000		0.158845
2000		3000		1000		0.208864
2000		1000		0		0.417792
2000		4000		2000		0.708650
2000		2000		1000		0.208864
4000		8000		0		0.655507
2000		3000		1000		0.217296
2000		1000		1000		0.102440
2000		3000		1000		0.802858
2000		4000		0		0.434656
12000		14000		2000		0.662195
2000		2000		1000		0.208864
2000		1000		1000		0.185870
2000		2000		2000		0.208864
2000		0		2000		0.081198
2000		1000		2000		0.257093
2000		4000		2000		0.208864
2000		4000		4000		0.148027
2000		1000		1000		0.176645
2000		3000		1000		0.208864
2000		4000		2000		0.567130
2500		5000		3000		0.208864
2000		3000		1000		0.208864
2000		3000		1000		0.602432
2500		5000		3000		0.147704
2000		3000		2000		0.182929
2000		2000		1000		0.208864
2000		0		2000		0.174243
2000		3000		0		0.417792
2000		1000		2000		0.382506
2000		2000		1000		0.110172
2000		0		2000		0.285206
11200		13000		0		0.618352
4500		9000		2000		0.651174
2000		1000		1000		0.361924
2000		1000		1000		0.208864
2000		3000		2000		0.208864
2000		0		2000		0.107439
2000		2000		1000		0.809119
2000		2000		1000		0.791270
2000		1000		1000		0.156118
2000		1000		1000		0.088451
2000		3000		3000		0.217296
2000		1000		2000		0.526519
2000		2000		1000		0.961594
2000		2000		0		0.417792
2000		0		2000		0.039000
2000		3000		2000		0.312710
2000		1000		0		0.934812
2000		0		2000		0.279612
2000		2000		2000		0.208864
2000		0		2000		0.171737
2000		1000		1000		0.208864
2000		1000		1000		0.208864
2000		4000		2000		0.208864
2000		2000		0		0.727163
2000		3000		1000		0.216800
2000		0		2000		0.039207
2000		2000		1000		0.409360
2000		0		2000		0.006682
2000		1000		2000		0.152233
2000		3000		1000		0.217232
2000		1000		1000		0.208864
12800		13000		0		0.606119
2000		2000		1000		0.654064
2000		4000		1000		0.649508
2000		4000		5000		0.120482
2000		3000		1000		0.079850
2000		2000		2000		0.126169
2000		1000		2000		0.126233
2000		4000		2000		0.201939
2000		1000		1000		0.208864
2000		1000		1000		0.208864
2000		1000		1000		0.315255
2000		2000		2000		0.431596
2000		3000		1000		0.533996
2000		2000		1000		0.711878
2000		1000		1000		0.057971
3000		6000		2000		0.136247
2000		4000		2000		0.208864
2000		1000		2000		0.174677
2000		3000		3000		0.217232
2000		4000		0		0.944092
2000		2000		2000		0.208864
2000		1000		1000		0.208864
2000		0		2000		0.088999
2500		5000		3000		0.208864
16000		19000		1000		0.409360
12800		14000		0		0.601234
2000		1000		1000		0.345959
2000		2000		2000		0.208864
2000		4000		3000		0.217296
2000		1000		1000		0.089266
2000		4000		0		0.873756
2000		3000		3000		0.078963
2000		1000		1000		0.471656
2000		0		2000		0.025159
2000		2000		1000		0.208864
2000		3000		0		0.908133
2000		2000		1000		0.208864
2000		3000		0		0.417792
2000		1000		1000		0.177016
2000		4000		2000		0.496353
2500		5000		1000		0.417792
2000		3000		1000		0.851496
2000		1000		1000		0.756372
2000		1000		1000		0.061593
2000		3000		0		0.626784
2000		4000		0		0.690234
24000		28000		1000		0.453392
19200		22000		0		2.094860
2000		0		1000		0.942882
2000		2000		1000		0.208864
2000		2000		1000		0.481077
2000		3000		0		0.417792
2000		1000		1000		0.406087
2000		3000		1000		0.208864
2000		2000		2000		0.208864
2000		1000		2000		0.172028
2000		1000		2000		0.137703
2000		2000		1000		0.208864
2000		1000		0		0.417792
2000		2000		1000		0.208864
2000		2000		2000		0.313120
2500		5000		0		0.661515
2000		1000		1000		0.855560
2000		3000		3000		0.043942
2500		5000		1000		0.767155
16000		19000		0		0.645806
2000		3000		1000		0.820620
2000		1000		1000		0.448018
2000		3000		1000		0.208864
2000		4000		1000		0.566287
2000		1000		1000		0.197964
2000		1000		1000		0.208864
2000		1000		1000		0.080878
2000		3000		1000		0.208864
2000		3000		1000		0.477274
2000		0		0		0.417792
2000		1000		1000		0.208864
2000		0		2000		0.092069
2000		1000		2000		0.066501
2000		1000		1000		0.208864
2000		3000		1000		0.755485
2000		4000		3000		0.157012
2000		3000		1000		0.076305
2000		4000		4000		0.112090
2000		2000		0		0.853837
2000		4000		2000		0.208864
2000		1000		2000		0.226940
2000		1000		1000		0.208864
5500		11000		1000		0.576064
2000		3000		1000		0.207280
2000		0		2000		0.101918
2000		2000		1000		0.397105
2000		3000		2000		0.425664
2000		4000		2000		0.205415
2000		1000		2000		0.179679
2000		3000		1000		0.760119
2000		1000		1000		0.208864
2000		3000		2000		0.216800
2000		1000		1000		0.145198
2000		2000		2000		0.753105
2000		1000		1000		0.046180
2000		3000		1000		0.315727
2000		3000		1000		0.208864
2000		1000		2000		0.004209
2000		1000		1000		0.103654
2000		1000		0		0.417792
2000		1000		0		0.895183
2000		0		2000		0.096782
2000		2000		0		0.417792
2000		3000		3000		0.217296
2000		1000		0		0.951287
2000		1000		2000		0.208864
2000		0		2000		0.097066
2000		1000		1000		0.889345
2000		4000		4000		0.208800
4500		9000		0		0.626784
2000		3000		1000		0.208864
2000		4000		4000		0.159035
3000		6000		0		0.425728
2000		4000		2000		0.217296
2000		2000		2000		0.208864
2000		2000		2000		0.027871
2000		3000		2000		0.208254
2000		2000		1000		0.208864
2500		5000		1000		0.865783
2000		2000		0		0.417792
2000		3000		1000		0.217296
3000		6000		4000		0.217296
2000		4000		2000		0.225728
2000		1000		1000		0.208864
2000		4000		0		0.866314
2000		1000		1000		0.208864
2000		4000		2000		0.208864
2000		0		2000		0.105060
4500		9000		1000		0.720114
2500		5000		3000		0.225728
2000		2000		1000		0.208864
2000		2000		1000		0.313818
2000		3000		1000		0.208864
2000		3000		2000		0.666817
2000		2000		2000		0.443326
2000		1000		1000		0.208864
2000		1000		1000		0.208864
2000		0		2000		0.217296
2000		2000		2000		0.876872
2000		0		2000		0.093483
2000		1000		1000		0.208864
2000		1000		1000		0.873358
2000		2000		2000		0.246574
2000		0		0		0.217296
2000		1000		2000		0.205788
3500		7000		4000		0.208864
2000		1000		1000		0.189144
2000		1000		1000		0.208864
2000		3000		1000		0.208864
2000		4000		3000		0.208864
2000		1000		1000		0.134633
2000		4000		2000		0.208864
3000		6000		1000		0.575391
2500		5000		2000		0.829819
2000		0		2000		0.033689
12800		14000		1000		0.434656
5000		10000		2000		0.341840
3500		7000		4000		0.340549
2000		1000		1000		0.035221
2000		2000		1000		0.208864
2000		3000		2000		0.164660
2000		1000		1000		0.208864
2000		1000		1000		0.086780
2000		4000		2000		0.217296
2000		4000		4000		0.208800
2000		1000		1000		0.206689
2000		3000		3000		0.200015
2000		1000		1000		0.208864
2000		1000		1000		0.179722
2000		4000		1000		0.400108
2000		2000		2000		0.208864
2000		3000		1000		0.208864
2000		4000		0		0.774706
2000		1000		1000		0.208864
2000		3000		3000		0.189528
2500		5000		0		0.417792
2500		5000		3000		0.142231
11200		12000		1000		0.208864
4500		9000		5000		0.208864
2000		2000		0		0.417792
2000		3000		1000		0.191833
2000		3000		3000		0.171680
2000		1000		1000		0.208864
2000		1000		1000		0.067203
2000		2000		1000		0.758538
2000		4000		2000		0.208864
2000		3000		3000		0.472361
2000		0		2000		0.178604
2000		4000		1000		1.110350
2000		2000		0		0.948019
2000		1000		1000		0.208864
2000		0		0		0.217296
2000		2000		1000		0.208864
2000		0		2000		0.069324
2000		2000		1000		0.755677
2000		2000		2000		0.696028
2000		2000		1000		0.208864
2000		1000		1000		0.208864
2000		3000		3000		0.180788
3500		7000		1000		0.576064
2000		3000		3000		0.221572
5000		10000		3000		0.217232
2000		2000		1000		0.208864
2000		0		2000		0.208864
2000		1000		1000		9.201280
2000		2000		1000		1.937940
3000		6000		5000		0.217296
2000		3000		1000		0.208864
4000		8000		1000		0.395708
2000		3000		1000		0.208864
2000		1000		1000		0.206109
2000		3000		1000		0.208864
2000		4000		3000		0.217296
2000		2000		1000		0.208864
2000		0		2000		0.047514
2000		4000		0		0.417792
2000		2000		1000		0.208864
2000		2000		1000		0.208864
2000		4000		0		0.926360
2000		2000		0		0.417792
2000		1000		2000		0.079198
4500		9000		1000		0.720306
2000		2000		2000		0.123322
2000		1000		1000		0.208864
2000		3000		3000		0.217296
2000		2000		1000		0.818019
2000		4000		2000		0.208864
2000		2000		1000		0.855405
2000		3000		3000		0.331488
2000		1000		1000		0.025067
2000		2000		1000		0.208864
2000		3000		1000		0.208864
2000		1000		2000		0.190293
2000		2000		2000		0.182134
2000		3000		3000		0.190383
2500		5000		0		0.698482
2000		3000		1000		0.208864
2000		2000		1000		0.148371
2000		2000		1000		0.201633
2000		2000		1000		0.208864
2000		1000		0		0.860086
2000		3000		3000		0.217296
2000		3000		3000		0.217296
2000		1000		1000		0.128020
2000		1000		1000		0.195393
2000		0		2000		0.087305
2000		2000		1000		0.533737
2000		2000		1000		0.208864
2000		0		2000		0.080449
